# Memory dump: 0x5c973 - 0x5cd99
# Segment: __objc_classname
#============================================================================

# Address        | Hex Bytes                                       | ASCII
#----------------------------------------------------------------------------
000000000005C973 | 55 52 4C 45 6E 63 6F 64  65 64 00 47 43 44 57 65  | URLEncoded.GCDWe
000000000005C983 | 62 53 65 72 76 65 72 45  72 72 6F 72 52 65 73 70  | bServerErrorResp
000000000005C993 | 6F 6E 73 65 00 4F 62 66  75 73 63 61 74 6F 72 00  | onse.Obfuscator.
000000000005C9A3 | 01 00 40 20 60 00 60 00  52 6F 63 6B 65 74 48 65  | ..@ `.`.RocketHe
000000000005C9B3 | 6C 70 65 72 00 74 71 45  75 79 4C 66 57 62 6D 79  | lper.tqEuyLfWbmy
000000000005C9C3 | 6C 72 67 53 4C 69 77 6F  58 65 73 48 45 44 6A 67  | lrgSLiwoXesHEDjg
000000000005C9D3 | 59 6B 65 55 71 00 47 43  44 41 73 79 6E 63 53 6F  | YkeUq.GCDAsyncSo
000000000005C9E3 | 63 6B 65 74 44 65 6C 65  67 61 74 65 00 4E 53 4F  | cketDelegate.NSO
000000000005C9F3 | 62 6A 65 63 74 00 12 11  27 00 31 00 44 65 76 69  | bject...'.1.Devi
000000000005CA03 | 63 65 49 6E 66 6F 48 65  6C 70 65 72 00 47 43 44  | ceInfoHelper.GCD
000000000005CA13 | 57 65 62 53 65 72 76 65  72 55 52 4C 45 6E 63 6F  | WebServerURLEnco
000000000005CA23 | 64 65 64 46 6F 72 6D 52  65 71 75 65 73 74 00 47  | dedFormRequest.G
000000000005CA33 | 43 44 57 65 62 53 65 72  76 65 72 46 69 6C 65 52  | CDWebServerFileR
000000000005CA43 | 65 71 75 65 73 74 00 47  43 44 57 65 62 53 65 72  | equest.GCDWebSer
000000000005CA53 | 76 65 72 46 69 6C 65 52  65 73 70 6F 6E 73 65 00  | verFileResponse.
000000000005CA63 | 47 43 44 57 65 62 53 65  72 76 65 72 53 74 72 65  | GCDWebServerStre
000000000005CA73 | 61 6D 65 64 52 65 73 70  6F 6E 73 65 00 52 65 61  | amedResponse.Rea
000000000005CA83 | 64 00 57 72 69 74 65 00  47 43 44 57 65 62 53 65  | d.Write.GCDWebSe
000000000005CA93 | 72 76 65 72 43 6F 6E 6E  65 63 74 69 6F 6E 00 03  | rverConnection..
000000000005CAA3 | 52 11 00 53 75 62 63 6C  61 73 73 69 6E 67 00 47  | R..Subclassing.G
000000000005CAB3 | 43 44 57 65 62 53 65 72  76 65 72 44 61 74 61 52  | CDWebServerDataR
000000000005CAC3 | 65 71 75 65 73 74 00 03  00 45 78 74 65 6E 73 69  | equest...Extensi
000000000005CAD3 | 6F 6E 73 00 47 43 44 57  65 62 53 65 72 76 65 72  | ons.GCDWebServer
000000000005CAE3 | 4D 75 6C 74 69 50 61 72  74 00 47 43 44 57 65 62  | MultiPart.GCDWeb
000000000005CAF3 | 53 65 72 76 65 72 4D 75  6C 74 69 50 61 72 74 41  | ServerMultiPartA
000000000005CB03 | 72 67 75 6D 65 6E 74 00  02 00 47 43 44 57 65 62  | rgument...GCDWeb
000000000005CB13 | 53 65 72 76 65 72 4D 75  6C 74 69 50 61 72 74 46  | ServerMultiPartF
000000000005CB23 | 69 6C 65 00 47 43 44 57  65 62 53 65 72 76 65 72  | ile.GCDWebServer
000000000005CB33 | 4D 49 4D 45 53 74 72 65  61 6D 50 61 72 73 65 72  | MIMEStreamParser
000000000005CB43 | 00 02 17 11 00 47 43 44  57 65 62 53 65 72 76 65  | .....GCDWebServe
000000000005CB53 | 72 4D 75 6C 74 69 50 61  72 74 46 6F 72 6D 52 65  | rMultiPartFormRe
000000000005CB63 | 71 75 65 73 74 00 4D 42  50 72 6F 67 72 65 73 73  | quest.MBProgress
000000000005CB73 | 48 55 44 00 24 EA 15 00  F0 41 00 4D 42 52 6F 75  | HUD.$....A.MBRou
000000000005CB83 | 6E 64 50 72 6F 67 72 65  73 73 56 69 65 77 00 12  | ndProgressView..
000000000005CB93 | 00 4D 42 42 61 72 50 72  6F 67 72 65 73 73 56 69  | .MBBarProgressVi
000000000005CBA3 | 65 77 00 13 00 47 43 44  57 65 62 53 65 72 76 65  | ew...GCDWebServe
000000000005CBB3 | 72 44 61 74 61 52 65 73  70 6F 6E 73 65 00 47 43  | rDataResponse.GC
000000000005CBC3 | 44 57 65 62 53 65 72 76  65 72 48 61 6E 64 6C 65  | DWebServerHandle
000000000005CBD3 | 72 00 47 43 44 57 65 62  53 65 72 76 65 72 00 13  | r.GCDWebServer..
000000000005CBE3 | 35 52 51 00 30 60 00 31  60 00 48 61 6E 64 6C 65  | 5RQ.0`.1`.Handle
000000000005CBF3 | 72 73 00 32 60 00 47 45  54 48 61 6E 64 6C 65 72  | rs.2`.GETHandler
000000000005CC03 | 73 00 4C 6F 67 67 69 6E  67 00 46 6A 6E 59 75 47  | s.Logging.FjnYuG
000000000005CC13 | 42 56 43 76 56 54 45 49  55 68 51 75 64 57 61 6D  | BVCvVTEIUhQudWam
000000000005CC23 | 6C 58 57 49 58 67 57 59  6F 48 00 53 4F 43 4B 53  | lXWIXgWYoH.SOCKS
000000000005CC33 | 50 72 6F 78 79 53 6F 63  6B 65 74 44 65 6C 65 67  | ProxySocketDeleg
000000000005CC43 | 61 74 65 00 22 24 00 11  00 47 43 44 57 65 62 53  | ate."$...GCDWebS
000000000005CC53 | 65 72 76 65 72 42 6F 64  79 44 65 63 6F 64 65 72  | erverBodyDecoder
000000000005CC63 | 00 47 43 44 57 65 62 53  65 72 76 65 72 42 6F 64  | .GCDWebServerBod
000000000005CC73 | 79 57 72 69 74 65 72 00  47 43 44 57 65 62 53 65  | yWriter.GCDWebSe
000000000005CC83 | 72 76 65 72 47 5A 69 70  44 65 63 6F 64 65 72 00  | rverGZipDecoder.
000000000005CC93 | 47 43 44 57 65 62 53 65  72 76 65 72 52 65 71 75  | GCDWebServerRequ
000000000005CCA3 | 65 73 74 00 06 22 32 12  00 47 43 44 41 73 79 6E  | est.."2..GCDAsyn
000000000005CCB3 | 63 50 72 6F 78 79 53 6F  63 6B 65 74 00 16 00 47  | cProxySocket...G
000000000005CCC3 | 43 44 41 73 79 6E 63 53  6F 63 6B 65 74 50 72 65  | CDAsyncSocketPre
000000000005CCD3 | 42 75 66 66 65 72 00 47  43 44 41 73 79 6E 63 52  | Buffer.GCDAsyncR
000000000005CCE3 | 65 61 64 50 61 63 6B 65  74 00 01 51 00 47 43 44  | eadPacket..Q.GCD
000000000005CCF3 | 41 73 79 6E 63 57 72 69  74 65 50 61 63 6B 65 74  | AsyncWritePacket
000000000005CD03 | 00 47 43 44 41 73 79 6E  63 53 70 65 63 69 61 6C  | .GCDAsyncSpecial
000000000005CD13 | 50 61 63 6B 65 74 00 00  47 43 44 41 73 79 6E 63  | Packet..GCDAsync
000000000005CD23 | 53 6F 63 6B 65 74 00 21  21 1F 01 11 81 31 00 42  | Socket.!!....1.B
000000000005CD33 | 61 73 65 36 34 00 47 43  44 57 65 62 53 65 72 76  | ase64.GCDWebServ
000000000005CD43 | 65 72 42 6F 64 79 45 6E  63 6F 64 65 72 00 47 43  | erBodyEncoder.GC
000000000005CD53 | 44 57 65 62 53 65 72 76  65 72 42 6F 64 79 52 65  | DWebServerBodyRe
000000000005CD63 | 61 64 65 72 00 47 43 44  57 65 62 53 65 72 76 65  | ader.GCDWebServe
000000000005CD73 | 72 47 5A 69 70 45 6E 63  6F 64 65 72 00 47 43 44  | rGZipEncoder.GCD
000000000005CD83 | 57 65 62 53 65 72 76 65  72 52 65 73 70 6F 6E 73  | WebServerRespons
000000000005CD93 | 65 00 01 33 11 00                                 | e..3..
