# Memory dump: 0x6e918 - 0x6eb80
# Segment: __objc_classrefs
#============================================================================

# Address        | Hex Bytes                                       | ASCII
#----------------------------------------------------------------------------
000000000006E918 | E8 9B 07 00 00 00 00 00  B8 A0 07 00 00 00 00 00  | ................
000000000006E928 | 90 9B 07 00 00 00 00 00  C0 A0 07 00 00 00 00 00  | ................
000000000006E938 | E8 A0 07 00 00 00 00 00  B8 9B 07 00 00 00 00 00  | ................
000000000006E948 | D8 F0 06 00 00 00 00 00  D8 A0 07 00 00 00 00 00  | ................
000000000006E958 | A8 9B 07 00 00 00 00 00  C8 A0 07 00 00 00 00 00  | ................
000000000006E968 | C0 98 07 00 00 00 00 00  C8 9B 07 00 00 00 00 00  | ................
000000000006E978 | A0 9B 07 00 00 00 00 00  90 97 07 00 00 00 00 00  | ................
000000000006E988 | 98 97 07 00 00 00 00 00  B0 A0 07 00 00 00 00 00  | ................
000000000006E998 | 88 97 07 00 00 00 00 00  A0 97 07 00 00 00 00 00  | ................
000000000006E9A8 | 80 9B 07 00 00 00 00 00  D8 98 07 00 00 00 00 00  | ................
000000000006E9B8 | 10 A1 07 00 00 00 00 00  98 01 07 00 00 00 00 00  | ................
000000000006E9C8 | D8 02 07 00 00 00 00 00  D8 FB 06 00 00 00 00 00  | ................
000000000006E9D8 | 18 F2 06 00 00 00 00 00  F0 98 07 00 00 00 00 00  | ................
000000000006E9E8 | B8 98 07 00 00 00 00 00  E8 01 07 00 00 00 00 00  | ................
000000000006E9F8 | 70 F9 06 00 00 00 00 00  08 99 07 00 00 00 00 00  | p...............
000000000006EA08 | F8 98 07 00 00 00 00 00  D0 98 07 00 00 00 00 00  | ................
000000000006EA18 | 00 99 07 00 00 00 00 00  10 9A 07 00 00 00 00 00  | ................
000000000006EA28 | 18 A1 07 00 00 00 00 00  18 9A 07 00 00 00 00 00  | ................
000000000006EA38 | F8 9B 07 00 00 00 00 00  80 97 07 00 00 00 00 00  | ................
000000000006EA48 | B8 04 07 00 00 00 00 00  28 03 07 00 00 00 00 00  | ........(.......
000000000006EA58 | 78 9B 07 00 00 00 00 00  D0 9B 07 00 00 00 00 00  | x...............
000000000006EA68 | 98 9B 07 00 00 00 00 00  E0 A0 07 00 00 00 00 00  | ................
000000000006EA78 | D0 08 07 00 00 00 00 00  B0 9B 07 00 00 00 00 00  | ................
000000000006EA88 | 88 9B 07 00 00 00 00 00  D0 F8 06 00 00 00 00 00  | ................
000000000006EA98 | 80 F8 06 00 00 00 00 00  30 F8 06 00 00 00 00 00  | ........0.......
000000000006EAA8 | 08 A1 07 00 00 00 00 00  D0 A0 07 00 00 00 00 00  | ................
000000000006EAB8 | E0 9B 07 00 00 00 00 00  E0 98 07 00 00 00 00 00  | ................
000000000006EAC8 | F0 9B 07 00 00 00 00 00  00 A1 07 00 00 00 00 00  | ................
000000000006EAD8 | 20 9C 07 00 00 00 00 00  E8 98 07 00 00 00 00 00  |  ...............
000000000006EAE8 | B0 98 07 00 00 00 00 00  98 F9 06 00 00 00 00 00  | ................
000000000006EAF8 | C0 F9 06 00 00 00 00 00  F0 F1 06 00 00 00 00 00  | ................
000000000006EB08 | C0 9B 07 00 00 00 00 00  C8 98 07 00 00 00 00 00  | ................
000000000006EB18 | 48 01 07 00 00 00 00 00  78 F6 06 00 00 00 00 00  | H.......x.......
000000000006EB28 | D8 9B 07 00 00 00 00 00  B8 F2 06 00 00 00 00 00  | ................
000000000006EB38 | F0 A0 07 00 00 00 00 00  78 F1 06 00 00 00 00 00  | ........x.......
000000000006EB48 | 88 02 07 00 00 00 00 00  78 03 07 00 00 00 00 00  | ........x.......
000000000006EB58 | C8 03 07 00 00 00 00 00  68 04 07 00 00 00 00 00  | ........h.......
000000000006EB68 | 18 04 07 00 00 00 00 00  F8 A0 07 00 00 00 00 00  | ................
000000000006EB78 | 80 08 07 00 00 00 00 00                           | ........
