# Memory dump: 0x6eb80 - 0x6ec78
# Segment: __objc_superrefs
#============================================================================

# Address        | Hex Bytes                                       | ASCII
#----------------------------------------------------------------------------
000000000006EB80 | 78 F1 06 00 00 00 00 00  18 F2 06 00 00 00 00 00  | x...............
000000000006EB90 | 68 F2 06 00 00 00 00 00  B8 F2 06 00 00 00 00 00  | h...............
000000000006EBA0 | 08 F3 06 00 00 00 00 00  78 F6 06 00 00 00 00 00  | ........x.......
000000000006EBB0 | 90 F7 06 00 00 00 00 00  E0 F7 06 00 00 00 00 00  | ................
000000000006EBC0 | 30 F8 06 00 00 00 00 00  80 F8 06 00 00 00 00 00  | 0...............
000000000006EBD0 | D0 F8 06 00 00 00 00 00  20 F9 06 00 00 00 00 00  | ........ .......
000000000006EBE0 | 70 F9 06 00 00 00 00 00  98 F9 06 00 00 00 00 00  | p...............
000000000006EBF0 | C0 F9 06 00 00 00 00 00  D8 FB 06 00 00 00 00 00  | ................
000000000006EC00 | 48 01 07 00 00 00 00 00  98 01 07 00 00 00 00 00  | H...............
000000000006EC10 | E8 01 07 00 00 00 00 00  38 02 07 00 00 00 00 00  | ........8.......
000000000006EC20 | 88 02 07 00 00 00 00 00  D8 02 07 00 00 00 00 00  | ................
000000000006EC30 | 28 03 07 00 00 00 00 00  78 03 07 00 00 00 00 00  | (.......x.......
000000000006EC40 | C8 03 07 00 00 00 00 00  18 04 07 00 00 00 00 00  | ................
000000000006EC50 | 68 04 07 00 00 00 00 00  B8 04 07 00 00 00 00 00  | h...............
000000000006EC60 | 30 08 07 00 00 00 00 00  80 08 07 00 00 00 00 00  | 0...............
000000000006EC70 | D0 08 07 00 00 00 00 00                           | ........
