# Memory dump: 0x60000 - 0x601a0
# Segment: __got
#============================================================================

# Address        | Hex Bytes                                       | ASCII
#----------------------------------------------------------------------------
0000000000060000 | C8 97 07 00 00 00 00 00  D0 97 07 00 00 00 00 00  | ................
0000000000060010 | A0 A0 07 00 00 00 00 00  40 9B 07 00 00 00 00 00  | ........@.......
0000000000060020 | 48 9B 07 00 00 00 00 00  50 9B 07 00 00 00 00 00  | H.......P.......
0000000000060030 | A8 98 07 00 00 00 00 00  58 9B 07 00 00 00 00 00  | ........X.......
0000000000060040 | 60 9B 07 00 00 00 00 00  68 9B 07 00 00 00 00 00  | `.......h.......
0000000000060050 | 70 9B 07 00 00 00 00 00  A8 A0 07 00 00 00 00 00  | p...............
0000000000060060 | 18 99 07 00 00 00 00 00  20 99 07 00 00 00 00 00  | ........ .......
0000000000060070 | 28 99 07 00 00 00 00 00  30 99 07 00 00 00 00 00  | (.......0.......
0000000000060080 | 38 99 07 00 00 00 00 00  58 9D 07 00 00 00 00 00  | 8.......X.......
0000000000060090 | 28 A1 07 00 00 00 00 00  48 9D 07 00 00 00 00 00  | (.......H.......
00000000000600A0 | 30 9C 07 00 00 00 00 00  60 9D 07 00 00 00 00 00  | 0.......`.......
00000000000600B0 | 68 9D 07 00 00 00 00 00  70 9D 07 00 00 00 00 00  | h.......p.......
00000000000600C0 | 78 9D 07 00 00 00 00 00  80 9D 07 00 00 00 00 00  | x...............
00000000000600D0 | 88 9D 07 00 00 00 00 00  90 9D 07 00 00 00 00 00  | ................
00000000000600E0 | 98 9D 07 00 00 00 00 00  30 A1 07 00 00 00 00 00  | ........0.......
00000000000600F0 | 38 A1 07 00 00 00 00 00  40 A1 07 00 00 00 00 00  | 8.......@.......
0000000000060100 | 20 9A 07 00 00 00 00 00  48 A1 07 00 00 00 00 00  |  .......H.......
0000000000060110 | 50 A1 07 00 00 00 00 00  28 9A 07 00 00 00 00 00  | P.......(.......
0000000000060120 | 30 9A 07 00 00 00 00 00  38 9A 07 00 00 00 00 00  | 0.......8.......
0000000000060130 | 40 9A 07 00 00 00 00 00  58 A1 07 00 00 00 00 00  | @.......X.......
0000000000060140 | 48 9A 07 00 00 00 00 00  50 9A 07 00 00 00 00 00  | H.......P.......
0000000000060150 | 58 9A 07 00 00 00 00 00  60 9A 07 00 00 00 00 00  | X.......`.......
0000000000060160 | 68 9A 07 00 00 00 00 00  70 9A 07 00 00 00 00 00  | h.......p.......
0000000000060170 | 78 9A 07 00 00 00 00 00  80 9A 07 00 00 00 00 00  | x...............
0000000000060180 | 28 9B 07 00 00 00 00 00  A8 97 07 00 00 00 00 00  | (...............
0000000000060190 | B0 97 07 00 00 00 00 00  A0 9D 07 00 00 00 00 00  | ................
