# Memory dump: 0x61878 - 0x64658
# Segment: __cfstring
#============================================================================

# Address        | Hex Bytes                                       | ASCII
#----------------------------------------------------------------------------
0000000000061878 | 20 A1 07 00 00 00 00 00  C8 07 00 00 00 00 00 00  |  ...............
0000000000061888 | A8 97 05 00 00 00 00 00  00 00 00 00 00 00 00 00  | ................
0000000000061898 | 20 A1 07 00 00 00 00 00  C8 07 00 00 00 00 00 00  |  ...............
00000000000618A8 | BA 97 05 00 00 00 00 00  40 00 00 00 00 00 00 00  | ........@.......
00000000000618B8 | 20 A1 07 00 00 00 00 00  C8 07 00 00 00 00 00 00  |  ...............
00000000000618C8 | FB 97 05 00 00 00 00 00  14 00 00 00 00 00 00 00  | ................
00000000000618D8 | 20 A1 07 00 00 00 00 00  C8 07 00 00 00 00 00 00  |  ...............
00000000000618E8 | 10 98 05 00 00 00 00 00  0D 00 00 00 00 00 00 00  | ................
00000000000618F8 | 20 A1 07 00 00 00 00 00  C8 07 00 00 00 00 00 00  |  ...............
0000000000061908 | 1E 98 05 00 00 00 00 00  0D 00 00 00 00 00 00 00  | ................
0000000000061918 | 20 A1 07 00 00 00 00 00  C8 07 00 00 00 00 00 00  |  ...............
0000000000061928 | 2C 98 05 00 00 00 00 00  81 00 00 00 00 00 00 00  | ,...............
0000000000061938 | 20 A1 07 00 00 00 00 00  C8 07 00 00 00 00 00 00  |  ...............
0000000000061948 | AE 98 05 00 00 00 00 00  01 00 00 00 00 00 00 00  | ................
0000000000061958 | 20 A1 07 00 00 00 00 00  C8 07 00 00 00 00 00 00  |  ...............
0000000000061968 | B0 98 05 00 00 00 00 00  06 00 00 00 00 00 00 00  | ................
0000000000061978 | 20 A1 07 00 00 00 00 00  C8 07 00 00 00 00 00 00  |  ...............
0000000000061988 | B7 98 05 00 00 00 00 00  04 00 00 00 00 00 00 00  | ................
0000000000061998 | 20 A1 07 00 00 00 00 00  C8 07 00 00 00 00 00 00  |  ...............
00000000000619A8 | BC 98 05 00 00 00 00 00  02 00 00 00 00 00 00 00  | ................
00000000000619B8 | 20 A1 07 00 00 00 00 00  C8 07 00 00 00 00 00 00  |  ...............
00000000000619C8 | BF 98 05 00 00 00 00 00  03 00 00 00 00 00 00 00  | ................
00000000000619D8 | 20 A1 07 00 00 00 00 00  C8 07 00 00 00 00 00 00  |  ...............
00000000000619E8 | C3 98 05 00 00 00 00 00  1E 00 00 00 00 00 00 00  | ................
00000000000619F8 | 20 A1 07 00 00 00 00 00  C8 07 00 00 00 00 00 00  |  ...............
0000000000061A08 | E2 98 05 00 00 00 00 00  02 00 00 00 00 00 00 00  | ................
0000000000061A18 | 20 A1 07 00 00 00 00 00  C8 07 00 00 00 00 00 00  |  ...............
0000000000061A28 | E5 98 05 00 00 00 00 00  02 00 00 00 00 00 00 00  | ................
0000000000061A38 | 20 A1 07 00 00 00 00 00  C8 07 00 00 00 00 00 00  |  ...............
0000000000061A48 | E8 98 05 00 00 00 00 00  04 00 00 00 00 00 00 00  | ................
0000000000061A58 | 20 A1 07 00 00 00 00 00  C8 07 00 00 00 00 00 00  |  ...............
0000000000061A68 | ED 98 05 00 00 00 00 00  09 00 00 00 00 00 00 00  | ................
0000000000061A78 | 20 A1 07 00 00 00 00 00  C8 07 00 00 00 00 00 00  |  ...............
0000000000061A88 | F7 98 05 00 00 00 00 00  23 00 00 00 00 00 00 00  | ........#.......
0000000000061A98 | 20 A1 07 00 00 00 00 00  C8 07 00 00 00 00 00 00  |  ...............
0000000000061AA8 | 1B 99 05 00 00 00 00 00  03 00 00 00 00 00 00 00  | ................
0000000000061AB8 | 20 A1 07 00 00 00 00 00  C8 07 00 00 00 00 00 00  |  ...............
0000000000061AC8 | 1F 99 05 00 00 00 00 00  21 00 00 00 00 00 00 00  | ........!.......
0000000000061AD8 | 20 A1 07 00 00 00 00 00  C8 07 00 00 00 00 00 00  |  ...............
0000000000061AE8 | 41 99 05 00 00 00 00 00  21 00 00 00 00 00 00 00  | A.......!.......
0000000000061AF8 | 20 A1 07 00 00 00 00 00  C8 07 00 00 00 00 00 00  |  ...............
0000000000061B08 | 63 99 05 00 00 00 00 00  39 00 00 00 00 00 00 00  | c.......9.......
0000000000061B18 | 20 A1 07 00 00 00 00 00  C8 07 00 00 00 00 00 00  |  ...............
0000000000061B28 | 9D 99 05 00 00 00 00 00  08 00 00 00 00 00 00 00  | ................
0000000000061B38 | 20 A1 07 00 00 00 00 00  C8 07 00 00 00 00 00 00  |  ...............
0000000000061B48 | A6 99 05 00 00 00 00 00  0A 00 00 00 00 00 00 00  | ................
0000000000061B58 | 20 A1 07 00 00 00 00 00  C8 07 00 00 00 00 00 00  |  ...............
0000000000061B68 | B1 99 05 00 00 00 00 00  20 00 00 00 00 00 00 00  | ........ .......
0000000000061B78 | 20 A1 07 00 00 00 00 00  C8 07 00 00 00 00 00 00  |  ...............
0000000000061B88 | D2 99 05 00 00 00 00 00  38 00 00 00 00 00 00 00  | ........8.......
0000000000061B98 | 20 A1 07 00 00 00 00 00  C8 07 00 00 00 00 00 00  |  ...............
0000000000061BA8 | 0B 9A 05 00 00 00 00 00  53 00 00 00 00 00 00 00  | ........S.......
0000000000061BB8 | 20 A1 07 00 00 00 00 00  C8 07 00 00 00 00 00 00  |  ...............
0000000000061BC8 | AB 9A 05 00 00 00 00 00  1B 00 00 00 00 00 00 00  | ................
0000000000061BD8 | 20 A1 07 00 00 00 00 00  C8 07 00 00 00 00 00 00  |  ...............
0000000000061BE8 | E7 9A 05 00 00 00 00 00  12 00 00 00 00 00 00 00  | ................
0000000000061BF8 | 20 A1 07 00 00 00 00 00  C8 07 00 00 00 00 00 00  |  ...............
0000000000061C08 | FA 9A 05 00 00 00 00 00  24 00 00 00 00 00 00 00  | ........$.......
0000000000061C18 | 20 A1 07 00 00 00 00 00  C8 07 00 00 00 00 00 00  |  ...............
0000000000061C28 | 1F 9B 05 00 00 00 00 00  10 00 00 00 00 00 00 00  | ................
0000000000061C38 | 20 A1 07 00 00 00 00 00  C8 07 00 00 00 00 00 00  |  ...............
0000000000061C48 | 30 9B 05 00 00 00 00 00  0C 00 00 00 00 00 00 00  | 0...............
0000000000061C58 | 20 A1 07 00 00 00 00 00  C8 07 00 00 00 00 00 00  |  ...............
0000000000061C68 | 3D 9B 05 00 00 00 00 00  0C 00 00 00 00 00 00 00  | =...............
0000000000061C78 | 20 A1 07 00 00 00 00 00  C8 07 00 00 00 00 00 00  |  ...............
0000000000061C88 | 4A 9B 05 00 00 00 00 00  0C 00 00 00 00 00 00 00  | J...............
0000000000061C98 | 20 A1 07 00 00 00 00 00  C8 07 00 00 00 00 00 00  |  ...............
0000000000061CA8 | 57 9B 05 00 00 00 00 00  0B 00 00 00 00 00 00 00  | W...............
0000000000061CB8 | 20 A1 07 00 00 00 00 00  C8 07 00 00 00 00 00 00  |  ...............
0000000000061CC8 | 63 9B 05 00 00 00 00 00  10 00 00 00 00 00 00 00  | c...............
0000000000061CD8 | 20 A1 07 00 00 00 00 00  C8 07 00 00 00 00 00 00  |  ...............
0000000000061CE8 | 74 9B 05 00 00 00 00 00  0B 00 00 00 00 00 00 00  | t...............
0000000000061CF8 | 20 A1 07 00 00 00 00 00  C8 07 00 00 00 00 00 00  |  ...............
0000000000061D08 | 80 9B 05 00 00 00 00 00  12 00 00 00 00 00 00 00  | ................
0000000000061D18 | 20 A1 07 00 00 00 00 00  C8 07 00 00 00 00 00 00  |  ...............
0000000000061D28 | 93 9B 05 00 00 00 00 00  25 00 00 00 00 00 00 00  | ........%.......
0000000000061D38 | 20 A1 07 00 00 00 00 00  C8 07 00 00 00 00 00 00  |  ...............
0000000000061D48 | B9 9B 05 00 00 00 00 00  18 00 00 00 00 00 00 00  | ................
0000000000061D58 | 20 A1 07 00 00 00 00 00  C8 07 00 00 00 00 00 00  |  ...............
0000000000061D68 | D2 9B 05 00 00 00 00 00  1A 00 00 00 00 00 00 00  | ................
0000000000061D78 | 20 A1 07 00 00 00 00 00  C8 07 00 00 00 00 00 00  |  ...............
0000000000061D88 | ED 9B 05 00 00 00 00 00  18 00 00 00 00 00 00 00  | ................
0000000000061D98 | 20 A1 07 00 00 00 00 00  C8 07 00 00 00 00 00 00  |  ...............
0000000000061DA8 | 06 9C 05 00 00 00 00 00  02 00 00 00 00 00 00 00  | ................
0000000000061DB8 | 20 A1 07 00 00 00 00 00  C8 07 00 00 00 00 00 00  |  ...............
0000000000061DC8 | 09 9C 05 00 00 00 00 00  0A 00 00 00 00 00 00 00  | ................
0000000000061DD8 | 20 A1 07 00 00 00 00 00  C8 07 00 00 00 00 00 00  |  ...............
0000000000061DE8 | 14 9C 05 00 00 00 00 00  06 00 00 00 00 00 00 00  | ................
0000000000061DF8 | 20 A1 07 00 00 00 00 00  C8 07 00 00 00 00 00 00  |  ...............
0000000000061E08 | 1B 9C 05 00 00 00 00 00  0B 00 00 00 00 00 00 00  | ................
0000000000061E18 | 20 A1 07 00 00 00 00 00  C8 07 00 00 00 00 00 00  |  ...............
0000000000061E28 | 27 9C 05 00 00 00 00 00  02 00 00 00 00 00 00 00  | '...............
0000000000061E38 | 20 A1 07 00 00 00 00 00  C8 07 00 00 00 00 00 00  |  ...............
0000000000061E48 | 2A 9C 05 00 00 00 00 00  21 00 00 00 00 00 00 00  | *.......!.......
0000000000061E58 | 20 A1 07 00 00 00 00 00  C8 07 00 00 00 00 00 00  |  ...............
0000000000061E68 | 4C 9C 05 00 00 00 00 00  07 00 00 00 00 00 00 00  | L...............
0000000000061E78 | 20 A1 07 00 00 00 00 00  C8 07 00 00 00 00 00 00  |  ...............
0000000000061E88 | 54 9C 05 00 00 00 00 00  01 00 00 00 00 00 00 00  | T...............
0000000000061E98 | 20 A1 07 00 00 00 00 00  C8 07 00 00 00 00 00 00  |  ...............
0000000000061EA8 | 56 9C 05 00 00 00 00 00  08 00 00 00 00 00 00 00  | V...............
0000000000061EB8 | 20 A1 07 00 00 00 00 00  C8 07 00 00 00 00 00 00  |  ...............
0000000000061EC8 | 5F 9C 05 00 00 00 00 00  06 00 00 00 00 00 00 00  | _...............
0000000000061ED8 | 20 A1 07 00 00 00 00 00  C8 07 00 00 00 00 00 00  |  ...............
0000000000061EE8 | 66 9C 05 00 00 00 00 00  11 00 00 00 00 00 00 00  | f...............
0000000000061EF8 | 20 A1 07 00 00 00 00 00  C8 07 00 00 00 00 00 00  |  ...............
0000000000061F08 | 78 9C 05 00 00 00 00 00  0D 00 00 00 00 00 00 00  | x...............
0000000000061F18 | 20 A1 07 00 00 00 00 00  C8 07 00 00 00 00 00 00  |  ...............
0000000000061F28 | 86 9C 05 00 00 00 00 00  2E 00 00 00 00 00 00 00  | ................
0000000000061F38 | 20 A1 07 00 00 00 00 00  C8 07 00 00 00 00 00 00  |  ...............
0000000000061F48 | B5 9C 05 00 00 00 00 00  13 00 00 00 00 00 00 00  | ................
0000000000061F58 | 20 A1 07 00 00 00 00 00  C8 07 00 00 00 00 00 00  |  ...............
0000000000061F68 | C9 9C 05 00 00 00 00 00  0C 00 00 00 00 00 00 00  | ................
0000000000061F78 | 20 A1 07 00 00 00 00 00  C8 07 00 00 00 00 00 00  |  ...............
0000000000061F88 | F8 9C 05 00 00 00 00 00  0A 00 00 00 00 00 00 00  | ................
0000000000061F98 | 20 A1 07 00 00 00 00 00  C8 07 00 00 00 00 00 00  |  ...............
0000000000061FA8 | 33 9D 05 00 00 00 00 00  23 00 00 00 00 00 00 00  | 3.......#.......
0000000000061FB8 | 20 A1 07 00 00 00 00 00  C8 07 00 00 00 00 00 00  |  ...............
0000000000061FC8 | 57 9D 05 00 00 00 00 00  1F 00 00 00 00 00 00 00  | W...............
0000000000061FD8 | 20 A1 07 00 00 00 00 00  C8 07 00 00 00 00 00 00  |  ...............
0000000000061FE8 | 77 9D 05 00 00 00 00 00  2B 00 00 00 00 00 00 00  | w.......+.......
0000000000061FF8 | 20 A1 07 00 00 00 00 00  C8 07 00 00 00 00 00 00  |  ...............
0000000000062008 | CB 9D 05 00 00 00 00 00  2D 00 00 00 00 00 00 00  | ........-.......
0000000000062018 | 20 A1 07 00 00 00 00 00  C8 07 00 00 00 00 00 00  |  ...............
0000000000062028 | F9 9D 05 00 00 00 00 00  34 00 00 00 00 00 00 00  | ........4.......
0000000000062038 | 20 A1 07 00 00 00 00 00  C8 07 00 00 00 00 00 00  |  ...............
0000000000062048 | 37 9E 05 00 00 00 00 00  2C 00 00 00 00 00 00 00  | 7.......,.......
0000000000062058 | 20 A1 07 00 00 00 00 00  C8 07 00 00 00 00 00 00  |  ...............
0000000000062068 | 64 9E 05 00 00 00 00 00  3A 00 00 00 00 00 00 00  | d.......:.......
0000000000062078 | 20 A1 07 00 00 00 00 00  C8 07 00 00 00 00 00 00  |  ...............
0000000000062088 | A1 9E 05 00 00 00 00 00  4D 00 00 00 00 00 00 00  | ........M.......
0000000000062098 | 20 A1 07 00 00 00 00 00  C8 07 00 00 00 00 00 00  |  ...............
00000000000620A8 | EF 9E 05 00 00 00 00 00  36 00 00 00 00 00 00 00  | ........6.......
00000000000620B8 | 20 A1 07 00 00 00 00 00  C8 07 00 00 00 00 00 00  |  ...............
00000000000620C8 | 26 9F 05 00 00 00 00 00  29 00 00 00 00 00 00 00  | &.......).......
00000000000620D8 | 20 A1 07 00 00 00 00 00  C8 07 00 00 00 00 00 00  |  ...............
00000000000620E8 | 50 9F 05 00 00 00 00 00  03 00 00 00 00 00 00 00  | P...............
00000000000620F8 | 20 A1 07 00 00 00 00 00  C8 07 00 00 00 00 00 00  |  ...............
0000000000062108 | 54 9F 05 00 00 00 00 00  42 00 00 00 00 00 00 00  | T.......B.......
0000000000062118 | 20 A1 07 00 00 00 00 00  C8 07 00 00 00 00 00 00  |  ...............
0000000000062128 | 97 9F 05 00 00 00 00 00  2E 00 00 00 00 00 00 00  | ................
0000000000062138 | 20 A1 07 00 00 00 00 00  C8 07 00 00 00 00 00 00  |  ...............
0000000000062148 | F1 9F 05 00 00 00 00 00  02 00 00 00 00 00 00 00  | ................
0000000000062158 | 20 A1 07 00 00 00 00 00  C8 07 00 00 00 00 00 00  |  ...............
0000000000062168 | F4 9F 05 00 00 00 00 00  0A 00 00 00 00 00 00 00  | ................
0000000000062178 | 20 A1 07 00 00 00 00 00  C8 07 00 00 00 00 00 00  |  ...............
0000000000062188 | FF 9F 05 00 00 00 00 00  05 00 00 00 00 00 00 00  | ................
0000000000062198 | 20 A1 07 00 00 00 00 00  C8 07 00 00 00 00 00 00  |  ...............
00000000000621A8 | 05 A0 05 00 00 00 00 00  06 00 00 00 00 00 00 00  | ................
00000000000621B8 | 20 A1 07 00 00 00 00 00  C8 07 00 00 00 00 00 00  |  ...............
00000000000621C8 | 0C A0 05 00 00 00 00 00  04 00 00 00 00 00 00 00  | ................
00000000000621D8 | 20 A1 07 00 00 00 00 00  C8 07 00 00 00 00 00 00  |  ...............
00000000000621E8 | 30 A0 05 00 00 00 00 00  2E 00 00 00 00 00 00 00  | 0...............
00000000000621F8 | 20 A1 07 00 00 00 00 00  C8 07 00 00 00 00 00 00  |  ...............
0000000000062208 | 5F A0 05 00 00 00 00 00  0D 00 00 00 00 00 00 00  | _...............
0000000000062218 | 20 A1 07 00 00 00 00 00  C8 07 00 00 00 00 00 00  |  ...............
0000000000062228 | 6D A0 05 00 00 00 00 00  04 00 00 00 00 00 00 00  | m...............
0000000000062238 | 20 A1 07 00 00 00 00 00  C8 07 00 00 00 00 00 00  |  ...............
0000000000062248 | 72 A0 05 00 00 00 00 00  0D 00 00 00 00 00 00 00  | r...............
0000000000062258 | 20 A1 07 00 00 00 00 00  C8 07 00 00 00 00 00 00  |  ...............
0000000000062268 | 80 A0 05 00 00 00 00 00  12 00 00 00 00 00 00 00  | ................
0000000000062278 | 20 A1 07 00 00 00 00 00  C8 07 00 00 00 00 00 00  |  ...............
0000000000062288 | 93 A0 05 00 00 00 00 00  08 00 00 00 00 00 00 00  | ................
0000000000062298 | 20 A1 07 00 00 00 00 00  C8 07 00 00 00 00 00 00  |  ...............
00000000000622A8 | 9C A0 05 00 00 00 00 00  0C 00 00 00 00 00 00 00  | ................
00000000000622B8 | 20 A1 07 00 00 00 00 00  C8 07 00 00 00 00 00 00  |  ...............
00000000000622C8 | A9 A0 05 00 00 00 00 00  0E 00 00 00 00 00 00 00  | ................
00000000000622D8 | 20 A1 07 00 00 00 00 00  C8 07 00 00 00 00 00 00  |  ...............
00000000000622E8 | B8 A0 05 00 00 00 00 00  03 00 00 00 00 00 00 00  | ................
00000000000622F8 | 20 A1 07 00 00 00 00 00  C8 07 00 00 00 00 00 00  |  ...............
0000000000062308 | BC A0 05 00 00 00 00 00  11 00 00 00 00 00 00 00  | ................
0000000000062318 | 20 A1 07 00 00 00 00 00  C8 07 00 00 00 00 00 00  |  ...............
0000000000062328 | CE A0 05 00 00 00 00 00  07 00 00 00 00 00 00 00  | ................
0000000000062338 | 20 A1 07 00 00 00 00 00  C8 07 00 00 00 00 00 00  |  ...............
0000000000062348 | E6 A0 05 00 00 00 00 00  2D 00 00 00 00 00 00 00  | ........-.......
0000000000062358 | 20 A1 07 00 00 00 00 00  C8 07 00 00 00 00 00 00  |  ...............
0000000000062368 | 14 A1 05 00 00 00 00 00  2D 00 00 00 00 00 00 00  | ........-.......
0000000000062378 | 20 A1 07 00 00 00 00 00  C8 07 00 00 00 00 00 00  |  ...............
0000000000062388 | 42 A1 05 00 00 00 00 00  04 00 00 00 00 00 00 00  | B...............
0000000000062398 | 20 A1 07 00 00 00 00 00  C8 07 00 00 00 00 00 00  |  ...............
00000000000623A8 | 47 A1 05 00 00 00 00 00  03 00 00 00 00 00 00 00  | G...............
00000000000623B8 | 20 A1 07 00 00 00 00 00  C8 07 00 00 00 00 00 00  |  ...............
00000000000623C8 | 4B A1 05 00 00 00 00 00  06 00 00 00 00 00 00 00  | K...............
00000000000623D8 | 20 A1 07 00 00 00 00 00  C8 07 00 00 00 00 00 00  |  ...............
00000000000623E8 | 52 A1 05 00 00 00 00 00  0C 00 00 00 00 00 00 00  | R...............
00000000000623F8 | 20 A1 07 00 00 00 00 00  C8 07 00 00 00 00 00 00  |  ...............
0000000000062408 | 5F A1 05 00 00 00 00 00  47 00 00 00 00 00 00 00  | _.......G.......
0000000000062418 | 20 A1 07 00 00 00 00 00  C8 07 00 00 00 00 00 00  |  ...............
0000000000062428 | A7 A1 05 00 00 00 00 00  35 00 00 00 00 00 00 00  | ........5.......
0000000000062438 | 20 A1 07 00 00 00 00 00  C8 07 00 00 00 00 00 00  |  ...............
0000000000062448 | EE A1 05 00 00 00 00 00  30 00 00 00 00 00 00 00  | ........0.......
0000000000062458 | 20 A1 07 00 00 00 00 00  C8 07 00 00 00 00 00 00  |  ...............
0000000000062468 | 1F A2 05 00 00 00 00 00  0D 00 00 00 00 00 00 00  | ................
0000000000062478 | 20 A1 07 00 00 00 00 00  C8 07 00 00 00 00 00 00  |  ...............
0000000000062488 | 2D A2 05 00 00 00 00 00  06 00 00 00 00 00 00 00  | -...............
0000000000062498 | 20 A1 07 00 00 00 00 00  C8 07 00 00 00 00 00 00  |  ...............
00000000000624A8 | 58 A2 05 00 00 00 00 00  10 00 00 00 00 00 00 00  | X...............
00000000000624B8 | 20 A1 07 00 00 00 00 00  C8 07 00 00 00 00 00 00  |  ...............
00000000000624C8 | 69 A2 05 00 00 00 00 00  10 00 00 00 00 00 00 00  | i...............
00000000000624D8 | 20 A1 07 00 00 00 00 00  C8 07 00 00 00 00 00 00  |  ...............
00000000000624E8 | 7A A2 05 00 00 00 00 00  07 00 00 00 00 00 00 00  | z...............
00000000000624F8 | 20 A1 07 00 00 00 00 00  C8 07 00 00 00 00 00 00  |  ...............
0000000000062508 | 82 A2 05 00 00 00 00 00  05 00 00 00 00 00 00 00  | ................
0000000000062518 | 20 A1 07 00 00 00 00 00  C8 07 00 00 00 00 00 00  |  ...............
0000000000062528 | 88 A2 05 00 00 00 00 00  05 00 00 00 00 00 00 00  | ................
0000000000062538 | 20 A1 07 00 00 00 00 00  C8 07 00 00 00 00 00 00  |  ...............
0000000000062548 | 8E A2 05 00 00 00 00 00  08 00 00 00 00 00 00 00  | ................
0000000000062558 | 20 A1 07 00 00 00 00 00  C8 07 00 00 00 00 00 00  |  ...............
0000000000062568 | 97 A2 05 00 00 00 00 00  03 00 00 00 00 00 00 00  | ................
0000000000062578 | 20 A1 07 00 00 00 00 00  C8 07 00 00 00 00 00 00  |  ...............
0000000000062588 | 9B A2 05 00 00 00 00 00  08 00 00 00 00 00 00 00  | ................
0000000000062598 | 20 A1 07 00 00 00 00 00  C8 07 00 00 00 00 00 00  |  ...............
00000000000625A8 | A4 A2 05 00 00 00 00 00  05 00 00 00 00 00 00 00  | ................
00000000000625B8 | 20 A1 07 00 00 00 00 00  C8 07 00 00 00 00 00 00  |  ...............
00000000000625C8 | AA A2 05 00 00 00 00 00  08 00 00 00 00 00 00 00  | ................
00000000000625D8 | 20 A1 07 00 00 00 00 00  C8 07 00 00 00 00 00 00  |  ...............
00000000000625E8 | B3 A2 05 00 00 00 00 00  1F 00 00 00 00 00 00 00  | ................
00000000000625F8 | 20 A1 07 00 00 00 00 00  C8 07 00 00 00 00 00 00  |  ...............
0000000000062608 | D3 A2 05 00 00 00 00 00  0C 00 00 00 00 00 00 00  | ................
0000000000062618 | 20 A1 07 00 00 00 00 00  C8 07 00 00 00 00 00 00  |  ...............
0000000000062628 | E0 A2 05 00 00 00 00 00  1E 00 00 00 00 00 00 00  | ................
0000000000062638 | 20 A1 07 00 00 00 00 00  C8 07 00 00 00 00 00 00  |  ...............
0000000000062648 | FF A2 05 00 00 00 00 00  2A 00 00 00 00 00 00 00  | ........*.......
0000000000062658 | 20 A1 07 00 00 00 00 00  C8 07 00 00 00 00 00 00  |  ...............
0000000000062668 | 2A A3 05 00 00 00 00 00  01 00 00 00 00 00 00 00  | *...............
0000000000062678 | 20 A1 07 00 00 00 00 00  C8 07 00 00 00 00 00 00  |  ...............
0000000000062688 | 2C A3 05 00 00 00 00 00  17 00 00 00 00 00 00 00  | ,...............
0000000000062698 | 20 A1 07 00 00 00 00 00  C8 07 00 00 00 00 00 00  |  ...............
00000000000626A8 | 44 A3 05 00 00 00 00 00  18 00 00 00 00 00 00 00  | D...............
00000000000626B8 | 20 A1 07 00 00 00 00 00  C8 07 00 00 00 00 00 00  |  ...............
00000000000626C8 | 5D A3 05 00 00 00 00 00  02 00 00 00 00 00 00 00  | ]...............
00000000000626D8 | 20 A1 07 00 00 00 00 00  C8 07 00 00 00 00 00 00  |  ...............
00000000000626E8 | 60 A3 05 00 00 00 00 00  05 00 00 00 00 00 00 00  | `...............
00000000000626F8 | 20 A1 07 00 00 00 00 00  C8 07 00 00 00 00 00 00  |  ...............
0000000000062708 | 66 A3 05 00 00 00 00 00  10 00 00 00 00 00 00 00  | f...............
0000000000062718 | 20 A1 07 00 00 00 00 00  C8 07 00 00 00 00 00 00  |  ...............
0000000000062728 | 77 A3 05 00 00 00 00 00  09 00 00 00 00 00 00 00  | w...............
0000000000062738 | 20 A1 07 00 00 00 00 00  C8 07 00 00 00 00 00 00  |  ...............
0000000000062748 | 81 A3 05 00 00 00 00 00  0F 00 00 00 00 00 00 00  | ................
0000000000062758 | 20 A1 07 00 00 00 00 00  C8 07 00 00 00 00 00 00  |  ...............
0000000000062768 | 91 A3 05 00 00 00 00 00  17 00 00 00 00 00 00 00  | ................
0000000000062778 | 20 A1 07 00 00 00 00 00  C8 07 00 00 00 00 00 00  |  ...............
0000000000062788 | A9 A3 05 00 00 00 00 00  12 00 00 00 00 00 00 00  | ................
0000000000062798 | 20 A1 07 00 00 00 00 00  C8 07 00 00 00 00 00 00  |  ...............
00000000000627A8 | C1 A3 05 00 00 00 00 00  04 00 00 00 00 00 00 00  | ................
00000000000627B8 | 20 A1 07 00 00 00 00 00  C8 07 00 00 00 00 00 00  |  ...............
00000000000627C8 | E3 9F 05 00 00 00 00 00  02 00 00 00 00 00 00 00  | ................
00000000000627D8 | 20 A1 07 00 00 00 00 00  C8 07 00 00 00 00 00 00  |  ...............
00000000000627E8 | C6 A3 05 00 00 00 00 00  01 00 00 00 00 00 00 00  | ................
00000000000627F8 | 20 A1 07 00 00 00 00 00  C8 07 00 00 00 00 00 00  |  ...............
0000000000062808 | C8 A3 05 00 00 00 00 00  09 00 00 00 00 00 00 00  | ................
0000000000062818 | 20 A1 07 00 00 00 00 00  C8 07 00 00 00 00 00 00  |  ...............
0000000000062828 | D2 A3 05 00 00 00 00 00  04 00 00 00 00 00 00 00  | ................
0000000000062838 | 20 A1 07 00 00 00 00 00  C8 07 00 00 00 00 00 00  |  ...............
0000000000062848 | D7 A3 05 00 00 00 00 00  08 00 00 00 00 00 00 00  | ................
0000000000062858 | 20 A1 07 00 00 00 00 00  C8 07 00 00 00 00 00 00  |  ...............
0000000000062868 | E0 A3 05 00 00 00 00 00  04 00 00 00 00 00 00 00  | ................
0000000000062878 | 20 A1 07 00 00 00 00 00  C8 07 00 00 00 00 00 00  |  ...............
0000000000062888 | E5 A3 05 00 00 00 00 00  0A 00 00 00 00 00 00 00  | ................
0000000000062898 | 20 A1 07 00 00 00 00 00  C8 07 00 00 00 00 00 00  |  ...............
00000000000628A8 | F0 A3 05 00 00 00 00 00  38 00 00 00 00 00 00 00  | ........8.......
00000000000628B8 | 20 A1 07 00 00 00 00 00  C8 07 00 00 00 00 00 00  |  ...............
00000000000628C8 | 29 A4 05 00 00 00 00 00  0F 00 00 00 00 00 00 00  | )...............
00000000000628D8 | 20 A1 07 00 00 00 00 00  C8 07 00 00 00 00 00 00  |  ...............
00000000000628E8 | 39 A4 05 00 00 00 00 00  08 00 00 00 00 00 00 00  | 9...............
00000000000628F8 | 20 A1 07 00 00 00 00 00  C8 07 00 00 00 00 00 00  |  ...............
0000000000062908 | 42 A4 05 00 00 00 00 00  13 00 00 00 00 00 00 00  | B...............
0000000000062918 | 20 A1 07 00 00 00 00 00  C8 07 00 00 00 00 00 00  |  ...............
0000000000062928 | 56 A4 05 00 00 00 00 00  2C 00 00 00 00 00 00 00  | V.......,.......
0000000000062938 | 20 A1 07 00 00 00 00 00  C8 07 00 00 00 00 00 00  |  ...............
0000000000062948 | 83 A4 05 00 00 00 00 00  2E 00 00 00 00 00 00 00  | ................
0000000000062958 | 20 A1 07 00 00 00 00 00  C8 07 00 00 00 00 00 00  |  ...............
0000000000062968 | B2 A4 05 00 00 00 00 00  2D 00 00 00 00 00 00 00  | ........-.......
0000000000062978 | 20 A1 07 00 00 00 00 00  C8 07 00 00 00 00 00 00  |  ...............
0000000000062988 | E0 A4 05 00 00 00 00 00  09 00 00 00 00 00 00 00  | ................
0000000000062998 | 20 A1 07 00 00 00 00 00  C8 07 00 00 00 00 00 00  |  ...............
00000000000629A8 | EA A4 05 00 00 00 00 00  11 00 00 00 00 00 00 00  | ................
00000000000629B8 | 20 A1 07 00 00 00 00 00  C8 07 00 00 00 00 00 00  |  ...............
00000000000629C8 | FC A4 05 00 00 00 00 00  03 00 00 00 00 00 00 00  | ................
00000000000629D8 | 20 A1 07 00 00 00 00 00  C8 07 00 00 00 00 00 00  |  ...............
00000000000629E8 | 00 A5 05 00 00 00 00 00  25 00 00 00 00 00 00 00  | ........%.......
00000000000629F8 | 20 A1 07 00 00 00 00 00  C8 07 00 00 00 00 00 00  |  ...............
0000000000062A08 | 26 A5 05 00 00 00 00 00  05 00 00 00 00 00 00 00  | &...............
0000000000062A18 | 20 A1 07 00 00 00 00 00  C8 07 00 00 00 00 00 00  |  ...............
0000000000062A28 | 2C A5 05 00 00 00 00 00  1D 00 00 00 00 00 00 00  | ,...............
0000000000062A38 | 20 A1 07 00 00 00 00 00  C8 07 00 00 00 00 00 00  |  ...............
0000000000062A48 | 9F 9E 05 00 00 00 00 00  01 00 00 00 00 00 00 00  | ................
0000000000062A58 | 20 A1 07 00 00 00 00 00  C8 07 00 00 00 00 00 00  |  ...............
0000000000062A68 | 4A A5 05 00 00 00 00 00  03 00 00 00 00 00 00 00  | J...............
0000000000062A78 | 20 A1 07 00 00 00 00 00  C8 07 00 00 00 00 00 00  |  ...............
0000000000062A88 | 4E A5 05 00 00 00 00 00  0F 00 00 00 00 00 00 00  | N...............
0000000000062A98 | 20 A1 07 00 00 00 00 00  C8 07 00 00 00 00 00 00  |  ...............
0000000000062AA8 | 5E A5 05 00 00 00 00 00  0B 00 00 00 00 00 00 00  | ^...............
0000000000062AB8 | 20 A1 07 00 00 00 00 00  C8 07 00 00 00 00 00 00  |  ...............
0000000000062AC8 | 6A A5 05 00 00 00 00 00  08 00 00 00 00 00 00 00  | j...............
0000000000062AD8 | 20 A1 07 00 00 00 00 00  C8 07 00 00 00 00 00 00  |  ...............
0000000000062AE8 | 73 A5 05 00 00 00 00 00  03 00 00 00 00 00 00 00  | s...............
0000000000062AF8 | 20 A1 07 00 00 00 00 00  C8 07 00 00 00 00 00 00  |  ...............
0000000000062B08 | 77 A5 05 00 00 00 00 00  18 00 00 00 00 00 00 00  | w...............
0000000000062B18 | 20 A1 07 00 00 00 00 00  C8 07 00 00 00 00 00 00  |  ...............
0000000000062B28 | 90 A5 05 00 00 00 00 00  07 00 00 00 00 00 00 00  | ................
0000000000062B38 | 20 A1 07 00 00 00 00 00  C8 07 00 00 00 00 00 00  |  ...............
0000000000062B48 | 98 A5 05 00 00 00 00 00  01 00 00 00 00 00 00 00  | ................
0000000000062B58 | 20 A1 07 00 00 00 00 00  C8 07 00 00 00 00 00 00  |  ...............
0000000000062B68 | 9A A5 05 00 00 00 00 00  01 00 00 00 00 00 00 00  | ................
0000000000062B78 | 20 A1 07 00 00 00 00 00  C8 07 00 00 00 00 00 00  |  ...............
0000000000062B88 | 9C A5 05 00 00 00 00 00  01 00 00 00 00 00 00 00  | ................
0000000000062B98 | 20 A1 07 00 00 00 00 00  C8 07 00 00 00 00 00 00  |  ...............
0000000000062BA8 | 9E A5 05 00 00 00 00 00  01 00 00 00 00 00 00 00  | ................
0000000000062BB8 | 20 A1 07 00 00 00 00 00  C8 07 00 00 00 00 00 00  |  ...............
0000000000062BC8 | A0 A5 05 00 00 00 00 00  3B 00 00 00 00 00 00 00  | ........;.......
0000000000062BD8 | 20 A1 07 00 00 00 00 00  C8 07 00 00 00 00 00 00  |  ...............
0000000000062BE8 | DC A5 05 00 00 00 00 00  05 00 00 00 00 00 00 00  | ................
0000000000062BF8 | 20 A1 07 00 00 00 00 00  C8 07 00 00 00 00 00 00  |  ...............
0000000000062C08 | E6 A5 05 00 00 00 00 00  19 00 00 00 00 00 00 00  | ................
0000000000062C18 | 20 A1 07 00 00 00 00 00  C8 07 00 00 00 00 00 00  |  ...............
0000000000062C28 | 00 A6 05 00 00 00 00 00  18 00 00 00 00 00 00 00  | ................
0000000000062C38 | 20 A1 07 00 00 00 00 00  C8 07 00 00 00 00 00 00  |  ...............
0000000000062C48 | 19 A6 05 00 00 00 00 00  06 00 00 00 00 00 00 00  | ................
0000000000062C58 | 20 A1 07 00 00 00 00 00  C8 07 00 00 00 00 00 00  |  ...............
0000000000062C68 | 20 A6 05 00 00 00 00 00  04 00 00 00 00 00 00 00  |  ...............
0000000000062C78 | 20 A1 07 00 00 00 00 00  C8 07 00 00 00 00 00 00  |  ...............
0000000000062C88 | 25 A6 05 00 00 00 00 00  0B 00 00 00 00 00 00 00  | %...............
0000000000062C98 | 20 A1 07 00 00 00 00 00  C8 07 00 00 00 00 00 00  |  ...............
0000000000062CA8 | 31 A6 05 00 00 00 00 00  0B 00 00 00 00 00 00 00  | 1...............
0000000000062CB8 | 20 A1 07 00 00 00 00 00  C8 07 00 00 00 00 00 00  |  ...............
0000000000062CC8 | 3D A6 05 00 00 00 00 00  15 00 00 00 00 00 00 00  | =...............
0000000000062CD8 | 20 A1 07 00 00 00 00 00  C8 07 00 00 00 00 00 00  |  ...............
0000000000062CE8 | 53 A6 05 00 00 00 00 00  0F 00 00 00 00 00 00 00  | S...............
0000000000062CF8 | 20 A1 07 00 00 00 00 00  C8 07 00 00 00 00 00 00  |  ...............
0000000000062D08 | 63 A6 05 00 00 00 00 00  15 00 00 00 00 00 00 00  | c...............
0000000000062D18 | 20 A1 07 00 00 00 00 00  C8 07 00 00 00 00 00 00  |  ...............
0000000000062D28 | 79 A6 05 00 00 00 00 00  0A 00 00 00 00 00 00 00  | y...............
0000000000062D38 | 20 A1 07 00 00 00 00 00  C8 07 00 00 00 00 00 00  |  ...............
0000000000062D48 | 84 A6 05 00 00 00 00 00  14 00 00 00 00 00 00 00  | ................
0000000000062D58 | 20 A1 07 00 00 00 00 00  C8 07 00 00 00 00 00 00  |  ...............
0000000000062D68 | 99 A6 05 00 00 00 00 00  13 00 00 00 00 00 00 00  | ................
0000000000062D78 | 20 A1 07 00 00 00 00 00  C8 07 00 00 00 00 00 00  |  ...............
0000000000062D88 | AD A6 05 00 00 00 00 00  16 00 00 00 00 00 00 00  | ................
0000000000062D98 | 20 A1 07 00 00 00 00 00  C8 07 00 00 00 00 00 00  |  ...............
0000000000062DA8 | C4 A6 05 00 00 00 00 00  0F 00 00 00 00 00 00 00  | ................
0000000000062DB8 | 20 A1 07 00 00 00 00 00  C8 07 00 00 00 00 00 00  |  ...............
0000000000062DC8 | D4 A6 05 00 00 00 00 00  19 00 00 00 00 00 00 00  | ................
0000000000062DD8 | 20 A1 07 00 00 00 00 00  C8 07 00 00 00 00 00 00  |  ...............
0000000000062DE8 | EE A6 05 00 00 00 00 00  20 00 00 00 00 00 00 00  | ........ .......
0000000000062DF8 | 20 A1 07 00 00 00 00 00  C8 07 00 00 00 00 00 00  |  ...............
0000000000062E08 | 0F A7 05 00 00 00 00 00  15 00 00 00 00 00 00 00  | ................
0000000000062E18 | 20 A1 07 00 00 00 00 00  C8 07 00 00 00 00 00 00  |  ...............
0000000000062E28 | 25 A7 05 00 00 00 00 00  20 00 00 00 00 00 00 00  | %....... .......
0000000000062E38 | 20 A1 07 00 00 00 00 00  C8 07 00 00 00 00 00 00  |  ...............
0000000000062E48 | 46 A7 05 00 00 00 00 00  05 00 00 00 00 00 00 00  | F...............
0000000000062E58 | 20 A1 07 00 00 00 00 00  C8 07 00 00 00 00 00 00  |  ...............
0000000000062E68 | 4C A7 05 00 00 00 00 00  0C 00 00 00 00 00 00 00  | L...............
0000000000062E78 | 20 A1 07 00 00 00 00 00  C8 07 00 00 00 00 00 00  |  ...............
0000000000062E88 | 83 A7 05 00 00 00 00 00  3A 00 00 00 00 00 00 00  | ........:.......
0000000000062E98 | 20 A1 07 00 00 00 00 00  C8 07 00 00 00 00 00 00  |  ...............
0000000000062EA8 | 18 A8 05 00 00 00 00 00  2C 00 00 00 00 00 00 00  | ........,.......
0000000000062EB8 | 20 A1 07 00 00 00 00 00  C8 07 00 00 00 00 00 00  |  ...............
0000000000062EC8 | 4F A8 05 00 00 00 00 00  2B 00 00 00 00 00 00 00  | O.......+.......
0000000000062ED8 | 20 A1 07 00 00 00 00 00  C8 07 00 00 00 00 00 00  |  ...............
0000000000062EE8 | 7B A8 05 00 00 00 00 00  2C 00 00 00 00 00 00 00  | {.......,.......
0000000000062EF8 | 20 A1 07 00 00 00 00 00  C8 07 00 00 00 00 00 00  |  ...............
0000000000062F08 | A8 A8 05 00 00 00 00 00  2B 00 00 00 00 00 00 00  | ........+.......
0000000000062F18 | 20 A1 07 00 00 00 00 00  C8 07 00 00 00 00 00 00  |  ...............
0000000000062F28 | D4 A8 05 00 00 00 00 00  23 00 00 00 00 00 00 00  | ........#.......
0000000000062F38 | 20 A1 07 00 00 00 00 00  C8 07 00 00 00 00 00 00  |  ...............
0000000000062F48 | F8 A8 05 00 00 00 00 00  29 00 00 00 00 00 00 00  | ........).......
0000000000062F58 | 20 A1 07 00 00 00 00 00  C8 07 00 00 00 00 00 00  |  ...............
0000000000062F68 | 22 A9 05 00 00 00 00 00  0A 00 00 00 00 00 00 00  | "...............
0000000000062F78 | 20 A1 07 00 00 00 00 00  C8 07 00 00 00 00 00 00  |  ...............
0000000000062F88 | 2D A9 05 00 00 00 00 00  06 00 00 00 00 00 00 00  | -...............
0000000000062F98 | 20 A1 07 00 00 00 00 00  C8 07 00 00 00 00 00 00  |  ...............
0000000000062FA8 | 34 A9 05 00 00 00 00 00  2B 00 00 00 00 00 00 00  | 4.......+.......
0000000000062FB8 | 20 A1 07 00 00 00 00 00  C8 07 00 00 00 00 00 00  |  ...............
0000000000062FC8 | 60 A9 05 00 00 00 00 00  2D 00 00 00 00 00 00 00  | `.......-.......
0000000000062FD8 | 20 A1 07 00 00 00 00 00  C8 07 00 00 00 00 00 00  |  ...............
0000000000062FE8 | 8E A9 05 00 00 00 00 00  1F 00 00 00 00 00 00 00  | ................
0000000000062FF8 | 20 A1 07 00 00 00 00 00  C8 07 00 00 00 00 00 00  |  ...............
0000000000063008 | AE A9 05 00 00 00 00 00  18 00 00 00 00 00 00 00  | ................
0000000000063018 | 20 A1 07 00 00 00 00 00  C8 07 00 00 00 00 00 00  |  ...............
0000000000063028 | C7 A9 05 00 00 00 00 00  25 00 00 00 00 00 00 00  | ........%.......
0000000000063038 | 20 A1 07 00 00 00 00 00  C8 07 00 00 00 00 00 00  |  ...............
0000000000063048 | ED A9 05 00 00 00 00 00  29 00 00 00 00 00 00 00  | ........).......
0000000000063058 | 20 A1 07 00 00 00 00 00  C8 07 00 00 00 00 00 00  |  ...............
0000000000063068 | 17 AA 05 00 00 00 00 00  0A 00 00 00 00 00 00 00  | ................
0000000000063078 | 20 A1 07 00 00 00 00 00  C8 07 00 00 00 00 00 00  |  ...............
0000000000063088 | 22 AA 05 00 00 00 00 00  09 00 00 00 00 00 00 00  | "...............
0000000000063098 | 20 A1 07 00 00 00 00 00  C8 07 00 00 00 00 00 00  |  ...............
00000000000630A8 | 2C AA 05 00 00 00 00 00  0D 00 00 00 00 00 00 00  | ,...............
00000000000630B8 | 20 A1 07 00 00 00 00 00  C8 07 00 00 00 00 00 00  |  ...............
00000000000630C8 | 3A AA 05 00 00 00 00 00  0A 00 00 00 00 00 00 00  | :...............
00000000000630D8 | 20 A1 07 00 00 00 00 00  C8 07 00 00 00 00 00 00  |  ...............
00000000000630E8 | A6 AA 05 00 00 00 00 00  01 00 00 00 00 00 00 00  | ................
00000000000630F8 | 20 A1 07 00 00 00 00 00  C8 07 00 00 00 00 00 00  |  ...............
0000000000063108 | A8 AA 05 00 00 00 00 00  05 00 00 00 00 00 00 00  | ................
0000000000063118 | 20 A1 07 00 00 00 00 00  C8 07 00 00 00 00 00 00  |  ...............
0000000000063128 | AE AA 05 00 00 00 00 00  0D 00 00 00 00 00 00 00  | ................
0000000000063138 | 20 A1 07 00 00 00 00 00  C8 07 00 00 00 00 00 00  |  ...............
0000000000063148 | BC AA 05 00 00 00 00 00  10 00 00 00 00 00 00 00  | ................
0000000000063158 | 20 A1 07 00 00 00 00 00  C8 07 00 00 00 00 00 00  |  ...............
0000000000063168 | CD AA 05 00 00 00 00 00  30 00 00 00 00 00 00 00  | ........0.......
0000000000063178 | 20 A1 07 00 00 00 00 00  C8 07 00 00 00 00 00 00  |  ...............
0000000000063188 | FE AA 05 00 00 00 00 00  05 00 00 00 00 00 00 00  | ................
0000000000063198 | 20 A1 07 00 00 00 00 00  C8 07 00 00 00 00 00 00  |  ...............
00000000000631A8 | 04 AB 05 00 00 00 00 00  01 00 00 00 00 00 00 00  | ................
00000000000631B8 | 20 A1 07 00 00 00 00 00  C8 07 00 00 00 00 00 00  |  ...............
00000000000631C8 | 06 AB 05 00 00 00 00 00  1D 00 00 00 00 00 00 00  | ................
00000000000631D8 | 20 A1 07 00 00 00 00 00  C8 07 00 00 00 00 00 00  |  ...............
00000000000631E8 | 24 AB 05 00 00 00 00 00  1F 00 00 00 00 00 00 00  | $...............
00000000000631F8 | 20 A1 07 00 00 00 00 00  C8 07 00 00 00 00 00 00  |  ...............
0000000000063208 | 44 AB 05 00 00 00 00 00  06 00 00 00 00 00 00 00  | D...............
0000000000063218 | 20 A1 07 00 00 00 00 00  C8 07 00 00 00 00 00 00  |  ...............
0000000000063228 | 4B AB 05 00 00 00 00 00  0F 00 00 00 00 00 00 00  | K...............
0000000000063238 | 20 A1 07 00 00 00 00 00  C8 07 00 00 00 00 00 00  |  ...............
0000000000063248 | 5B AB 05 00 00 00 00 00  29 00 00 00 00 00 00 00  | [.......).......
0000000000063258 | 20 A1 07 00 00 00 00 00  C8 07 00 00 00 00 00 00  |  ...............
0000000000063268 | 85 AB 05 00 00 00 00 00  24 00 00 00 00 00 00 00  | ........$.......
0000000000063278 | 20 A1 07 00 00 00 00 00  C8 07 00 00 00 00 00 00  |  ...............
0000000000063288 | AA AB 05 00 00 00 00 00  22 00 00 00 00 00 00 00  | ........".......
0000000000063298 | 20 A1 07 00 00 00 00 00  C8 07 00 00 00 00 00 00  |  ...............
00000000000632A8 | CD AB 05 00 00 00 00 00  27 00 00 00 00 00 00 00  | ........'.......
00000000000632B8 | 20 A1 07 00 00 00 00 00  C8 07 00 00 00 00 00 00  |  ...............
00000000000632C8 | F5 AB 05 00 00 00 00 00  1E 00 00 00 00 00 00 00  | ................
00000000000632D8 | 20 A1 07 00 00 00 00 00  C8 07 00 00 00 00 00 00  |  ...............
00000000000632E8 | 14 AC 05 00 00 00 00 00  1F 00 00 00 00 00 00 00  | ................
00000000000632F8 | 20 A1 07 00 00 00 00 00  C8 07 00 00 00 00 00 00  |  ...............
0000000000063308 | 34 AC 05 00 00 00 00 00  14 00 00 00 00 00 00 00  | 4...............
0000000000063318 | 20 A1 07 00 00 00 00 00  C8 07 00 00 00 00 00 00  |  ...............
0000000000063328 | 78 AC 05 00 00 00 00 00  2A 00 00 00 00 00 00 00  | x.......*.......
0000000000063338 | 20 A1 07 00 00 00 00 00  C8 07 00 00 00 00 00 00  |  ...............
0000000000063348 | AA AC 05 00 00 00 00 00  0F 00 00 00 00 00 00 00  | ................
0000000000063358 | 20 A1 07 00 00 00 00 00  C8 07 00 00 00 00 00 00  |  ...............
0000000000063368 | BA AC 05 00 00 00 00 00  3D 00 00 00 00 00 00 00  | ........=.......
0000000000063378 | 20 A1 07 00 00 00 00 00  C8 07 00 00 00 00 00 00  |  ...............
0000000000063388 | F8 AC 05 00 00 00 00 00  37 00 00 00 00 00 00 00  | ........7.......
0000000000063398 | 20 A1 07 00 00 00 00 00  C8 07 00 00 00 00 00 00  |  ...............
00000000000633A8 | 30 AD 05 00 00 00 00 00  11 00 00 00 00 00 00 00  | 0...............
00000000000633B8 | 20 A1 07 00 00 00 00 00  C8 07 00 00 00 00 00 00  |  ...............
00000000000633C8 | 42 AD 05 00 00 00 00 00  0D 00 00 00 00 00 00 00  | B...............
00000000000633D8 | 20 A1 07 00 00 00 00 00  C8 07 00 00 00 00 00 00  |  ...............
00000000000633E8 | 50 AD 05 00 00 00 00 00  05 00 00 00 00 00 00 00  | P...............
00000000000633F8 | 20 A1 07 00 00 00 00 00  C8 07 00 00 00 00 00 00  |  ...............
0000000000063408 | 56 AD 05 00 00 00 00 00  06 00 00 00 00 00 00 00  | V...............
0000000000063418 | 20 A1 07 00 00 00 00 00  C8 07 00 00 00 00 00 00  |  ...............
0000000000063428 | 5D AD 05 00 00 00 00 00  01 00 00 00 00 00 00 00  | ]...............
0000000000063438 | 20 A1 07 00 00 00 00 00  C8 07 00 00 00 00 00 00  |  ...............
0000000000063448 | 5F AD 05 00 00 00 00 00  01 00 00 00 00 00 00 00  | _...............
0000000000063458 | 20 A1 07 00 00 00 00 00  C8 07 00 00 00 00 00 00  |  ...............
0000000000063468 | 61 AD 05 00 00 00 00 00  2F 00 00 00 00 00 00 00  | a......./.......
0000000000063478 | 20 A1 07 00 00 00 00 00  C8 07 00 00 00 00 00 00  |  ...............
0000000000063488 | 91 AD 05 00 00 00 00 00  0F 00 00 00 00 00 00 00  | ................
0000000000063498 | 20 A1 07 00 00 00 00 00  C8 07 00 00 00 00 00 00  |  ...............
00000000000634A8 | A1 AD 05 00 00 00 00 00  04 00 00 00 00 00 00 00  | ................
00000000000634B8 | 20 A1 07 00 00 00 00 00  C8 07 00 00 00 00 00 00  |  ...............
00000000000634C8 | A6 AD 05 00 00 00 00 00  10 00 00 00 00 00 00 00  | ................
00000000000634D8 | 20 A1 07 00 00 00 00 00  C8 07 00 00 00 00 00 00  |  ...............
00000000000634E8 | B7 AD 05 00 00 00 00 00  05 00 00 00 00 00 00 00  | ................
00000000000634F8 | 20 A1 07 00 00 00 00 00  C8 07 00 00 00 00 00 00  |  ...............
0000000000063508 | BD AD 05 00 00 00 00 00  0A 00 00 00 00 00 00 00  | ................
0000000000063518 | 20 A1 07 00 00 00 00 00  C8 07 00 00 00 00 00 00  |  ...............
0000000000063528 | C8 AD 05 00 00 00 00 00  07 00 00 00 00 00 00 00  | ................
0000000000063538 | 20 A1 07 00 00 00 00 00  C8 07 00 00 00 00 00 00  |  ...............
0000000000063548 | D0 AD 05 00 00 00 00 00  17 00 00 00 00 00 00 00  | ................
0000000000063558 | 20 A1 07 00 00 00 00 00  C8 07 00 00 00 00 00 00  |  ...............
0000000000063568 | E8 AD 05 00 00 00 00 00  19 00 00 00 00 00 00 00  | ................
0000000000063578 | 20 A1 07 00 00 00 00 00  C8 07 00 00 00 00 00 00  |  ...............
0000000000063588 | 02 AE 05 00 00 00 00 00  0E 00 00 00 00 00 00 00  | ................
0000000000063598 | 20 A1 07 00 00 00 00 00  C8 07 00 00 00 00 00 00  |  ...............
00000000000635A8 | 11 AE 05 00 00 00 00 00  17 00 00 00 00 00 00 00  | ................
00000000000635B8 | 20 A1 07 00 00 00 00 00  C8 07 00 00 00 00 00 00  |  ...............
00000000000635C8 | 29 AE 05 00 00 00 00 00  23 00 00 00 00 00 00 00  | ).......#.......
00000000000635D8 | 20 A1 07 00 00 00 00 00  C8 07 00 00 00 00 00 00  |  ...............
00000000000635E8 | 4D AE 05 00 00 00 00 00  1F 00 00 00 00 00 00 00  | M...............
00000000000635F8 | 20 A1 07 00 00 00 00 00  C8 07 00 00 00 00 00 00  |  ...............
0000000000063608 | 6D AE 05 00 00 00 00 00  17 00 00 00 00 00 00 00  | m...............
0000000000063618 | 20 A1 07 00 00 00 00 00  C8 07 00 00 00 00 00 00  |  ...............
0000000000063628 | 85 AE 05 00 00 00 00 00  23 00 00 00 00 00 00 00  | ........#.......
0000000000063638 | 20 A1 07 00 00 00 00 00  C8 07 00 00 00 00 00 00  |  ...............
0000000000063648 | A9 AE 05 00 00 00 00 00  23 00 00 00 00 00 00 00  | ........#.......
0000000000063658 | 20 A1 07 00 00 00 00 00  C8 07 00 00 00 00 00 00  |  ...............
0000000000063668 | CD AE 05 00 00 00 00 00  28 00 00 00 00 00 00 00  | ........(.......
0000000000063678 | 20 A1 07 00 00 00 00 00  C8 07 00 00 00 00 00 00  |  ...............
0000000000063688 | F6 AE 05 00 00 00 00 00  2F 00 00 00 00 00 00 00  | ......../.......
0000000000063698 | 20 A1 07 00 00 00 00 00  C8 07 00 00 00 00 00 00  |  ...............
00000000000636A8 | 26 AF 05 00 00 00 00 00  1D 00 00 00 00 00 00 00  | &...............
00000000000636B8 | 20 A1 07 00 00 00 00 00  C8 07 00 00 00 00 00 00  |  ...............
00000000000636C8 | 44 AF 05 00 00 00 00 00  15 00 00 00 00 00 00 00  | D...............
00000000000636D8 | 20 A1 07 00 00 00 00 00  C8 07 00 00 00 00 00 00  |  ...............
00000000000636E8 | 5A AF 05 00 00 00 00 00  10 00 00 00 00 00 00 00  | Z...............
00000000000636F8 | 20 A1 07 00 00 00 00 00  C8 07 00 00 00 00 00 00  |  ...............
0000000000063708 | 6B AF 05 00 00 00 00 00  1E 00 00 00 00 00 00 00  | k...............
0000000000063718 | 20 A1 07 00 00 00 00 00  C8 07 00 00 00 00 00 00  |  ...............
0000000000063728 | 8A AF 05 00 00 00 00 00  28 00 00 00 00 00 00 00  | ........(.......
0000000000063738 | 20 A1 07 00 00 00 00 00  C8 07 00 00 00 00 00 00  |  ...............
0000000000063748 | B3 AF 05 00 00 00 00 00  21 00 00 00 00 00 00 00  | ........!.......
0000000000063758 | 20 A1 07 00 00 00 00 00  C8 07 00 00 00 00 00 00  |  ...............
0000000000063768 | D5 AF 05 00 00 00 00 00  2C 00 00 00 00 00 00 00  | ........,.......
0000000000063778 | 20 A1 07 00 00 00 00 00  C8 07 00 00 00 00 00 00  |  ...............
0000000000063788 | 02 B0 05 00 00 00 00 00  1E 00 00 00 00 00 00 00  | ................
0000000000063798 | 20 A1 07 00 00 00 00 00  C8 07 00 00 00 00 00 00  |  ...............
00000000000637A8 | 21 B0 05 00 00 00 00 00  3F 00 00 00 00 00 00 00  | !.......?.......
00000000000637B8 | 20 A1 07 00 00 00 00 00  C8 07 00 00 00 00 00 00  |  ...............
00000000000637C8 | 61 B0 05 00 00 00 00 00  18 00 00 00 00 00 00 00  | a...............
00000000000637D8 | 20 A1 07 00 00 00 00 00  C8 07 00 00 00 00 00 00  |  ...............
00000000000637E8 | 7A B0 05 00 00 00 00 00  44 00 00 00 00 00 00 00  | z.......D.......
00000000000637F8 | 20 A1 07 00 00 00 00 00  C8 07 00 00 00 00 00 00  |  ...............
0000000000063808 | BF B0 05 00 00 00 00 00  52 00 00 00 00 00 00 00  | ........R.......
0000000000063818 | 20 A1 07 00 00 00 00 00  C8 07 00 00 00 00 00 00  |  ...............
0000000000063828 | 12 B1 05 00 00 00 00 00  1A 00 00 00 00 00 00 00  | ................
0000000000063838 | 20 A1 07 00 00 00 00 00  C8 07 00 00 00 00 00 00  |  ...............
0000000000063848 | 2D B1 05 00 00 00 00 00  30 00 00 00 00 00 00 00  | -.......0.......
0000000000063858 | 20 A1 07 00 00 00 00 00  C8 07 00 00 00 00 00 00  |  ...............
0000000000063868 | 5E B1 05 00 00 00 00 00  29 00 00 00 00 00 00 00  | ^.......).......
0000000000063878 | 20 A1 07 00 00 00 00 00  C8 07 00 00 00 00 00 00  |  ...............
0000000000063888 | 88 B1 05 00 00 00 00 00  18 00 00 00 00 00 00 00  | ................
0000000000063898 | 20 A1 07 00 00 00 00 00  C8 07 00 00 00 00 00 00  |  ...............
00000000000638A8 | A1 B1 05 00 00 00 00 00  1A 00 00 00 00 00 00 00  | ................
00000000000638B8 | 20 A1 07 00 00 00 00 00  C8 07 00 00 00 00 00 00  |  ...............
00000000000638C8 | D0 B1 05 00 00 00 00 00  3E 00 00 00 00 00 00 00  | ........>.......
00000000000638D8 | 20 A1 07 00 00 00 00 00  C8 07 00 00 00 00 00 00  |  ...............
00000000000638E8 | 0F B2 05 00 00 00 00 00  4A 00 00 00 00 00 00 00  | ........J.......
00000000000638F8 | 20 A1 07 00 00 00 00 00  C8 07 00 00 00 00 00 00  |  ...............
0000000000063908 | 5A B2 05 00 00 00 00 00  4F 00 00 00 00 00 00 00  | Z.......O.......
0000000000063918 | 20 A1 07 00 00 00 00 00  C8 07 00 00 00 00 00 00  |  ...............
0000000000063928 | AA B2 05 00 00 00 00 00  50 00 00 00 00 00 00 00  | ........P.......
0000000000063938 | 20 A1 07 00 00 00 00 00  C8 07 00 00 00 00 00 00  |  ...............
0000000000063948 | FB B2 05 00 00 00 00 00  4E 00 00 00 00 00 00 00  | ........N.......
0000000000063958 | 20 A1 07 00 00 00 00 00  C8 07 00 00 00 00 00 00  |  ...............
0000000000063968 | 4A B3 05 00 00 00 00 00  44 00 00 00 00 00 00 00  | J.......D.......
0000000000063978 | 20 A1 07 00 00 00 00 00  C8 07 00 00 00 00 00 00  |  ...............
0000000000063988 | 8F B3 05 00 00 00 00 00  44 00 00 00 00 00 00 00  | ........D.......
0000000000063998 | 20 A1 07 00 00 00 00 00  C8 07 00 00 00 00 00 00  |  ...............
00000000000639A8 | D4 B3 05 00 00 00 00 00  3A 00 00 00 00 00 00 00  | ........:.......
00000000000639B8 | 20 A1 07 00 00 00 00 00  C8 07 00 00 00 00 00 00  |  ...............
00000000000639C8 | 0F B4 05 00 00 00 00 00  61 00 00 00 00 00 00 00  | ........a.......
00000000000639D8 | 20 A1 07 00 00 00 00 00  C8 07 00 00 00 00 00 00  |  ...............
00000000000639E8 | 71 B4 05 00 00 00 00 00  21 00 00 00 00 00 00 00  | q.......!.......
00000000000639F8 | 20 A1 07 00 00 00 00 00  C8 07 00 00 00 00 00 00  |  ...............
0000000000063A08 | 93 B4 05 00 00 00 00 00  3F 00 00 00 00 00 00 00  | ........?.......
0000000000063A18 | 20 A1 07 00 00 00 00 00  C8 07 00 00 00 00 00 00  |  ...............
0000000000063A28 | D3 B4 05 00 00 00 00 00  4B 00 00 00 00 00 00 00  | ........K.......
0000000000063A38 | 20 A1 07 00 00 00 00 00  C8 07 00 00 00 00 00 00  |  ...............
0000000000063A48 | 1F B5 05 00 00 00 00 00  51 00 00 00 00 00 00 00  | ........Q.......
0000000000063A58 | 20 A1 07 00 00 00 00 00  C8 07 00 00 00 00 00 00  |  ...............
0000000000063A68 | 71 B5 05 00 00 00 00 00  51 00 00 00 00 00 00 00  | q.......Q.......
0000000000063A78 | 20 A1 07 00 00 00 00 00  C8 07 00 00 00 00 00 00  |  ...............
0000000000063A88 | C3 B5 05 00 00 00 00 00  2A 00 00 00 00 00 00 00  | ........*.......
0000000000063A98 | 20 A1 07 00 00 00 00 00  C8 07 00 00 00 00 00 00  |  ...............
0000000000063AA8 | EE B5 05 00 00 00 00 00  36 00 00 00 00 00 00 00  | ........6.......
0000000000063AB8 | 20 A1 07 00 00 00 00 00  C8 07 00 00 00 00 00 00  |  ...............
0000000000063AC8 | 25 B6 05 00 00 00 00 00  36 00 00 00 00 00 00 00  | %.......6.......
0000000000063AD8 | 20 A1 07 00 00 00 00 00  C8 07 00 00 00 00 00 00  |  ...............
0000000000063AE8 | 5C B6 05 00 00 00 00 00  1F 00 00 00 00 00 00 00  | \...............
0000000000063AF8 | 20 A1 07 00 00 00 00 00  C8 07 00 00 00 00 00 00  |  ...............
0000000000063B08 | 7C B6 05 00 00 00 00 00  23 00 00 00 00 00 00 00  | |.......#.......
0000000000063B18 | 20 A1 07 00 00 00 00 00  C8 07 00 00 00 00 00 00  |  ...............
0000000000063B28 | A0 B6 05 00 00 00 00 00  3C 00 00 00 00 00 00 00  | ........<.......
0000000000063B38 | 20 A1 07 00 00 00 00 00  C8 07 00 00 00 00 00 00  |  ...............
0000000000063B48 | DD B6 05 00 00 00 00 00  3C 00 00 00 00 00 00 00  | ........<.......
0000000000063B58 | 20 A1 07 00 00 00 00 00  C8 07 00 00 00 00 00 00  |  ...............
0000000000063B68 | 1A B7 05 00 00 00 00 00  1B 00 00 00 00 00 00 00  | ................
0000000000063B78 | 20 A1 07 00 00 00 00 00  C8 07 00 00 00 00 00 00  |  ...............
0000000000063B88 | 3E B7 05 00 00 00 00 00  18 00 00 00 00 00 00 00  | >...............
0000000000063B98 | 20 A1 07 00 00 00 00 00  C8 07 00 00 00 00 00 00  |  ...............
0000000000063BA8 | 57 B7 05 00 00 00 00 00  1A 00 00 00 00 00 00 00  | W...............
0000000000063BB8 | 20 A1 07 00 00 00 00 00  C8 07 00 00 00 00 00 00  |  ...............
0000000000063BC8 | 72 B7 05 00 00 00 00 00  24 00 00 00 00 00 00 00  | r.......$.......
0000000000063BD8 | 20 A1 07 00 00 00 00 00  C8 07 00 00 00 00 00 00  |  ...............
0000000000063BE8 | 97 B7 05 00 00 00 00 00  19 00 00 00 00 00 00 00  | ................
0000000000063BF8 | 20 A1 07 00 00 00 00 00  C8 07 00 00 00 00 00 00  |  ...............
0000000000063C08 | B1 B7 05 00 00 00 00 00  3F 00 00 00 00 00 00 00  | ........?.......
0000000000063C18 | 20 A1 07 00 00 00 00 00  C8 07 00 00 00 00 00 00  |  ...............
0000000000063C28 | F1 B7 05 00 00 00 00 00  17 00 00 00 00 00 00 00  | ................
0000000000063C38 | 20 A1 07 00 00 00 00 00  C8 07 00 00 00 00 00 00  |  ...............
0000000000063C48 | 09 B8 05 00 00 00 00 00  21 00 00 00 00 00 00 00  | ........!.......
0000000000063C58 | 20 A1 07 00 00 00 00 00  C8 07 00 00 00 00 00 00  |  ...............
0000000000063C68 | 2B B8 05 00 00 00 00 00  24 00 00 00 00 00 00 00  | +.......$.......
0000000000063C78 | 20 A1 07 00 00 00 00 00  C8 07 00 00 00 00 00 00  |  ...............
0000000000063C88 | 50 B8 05 00 00 00 00 00  1F 00 00 00 00 00 00 00  | P...............
0000000000063C98 | 20 A1 07 00 00 00 00 00  C8 07 00 00 00 00 00 00  |  ...............
0000000000063CA8 | 70 B8 05 00 00 00 00 00  29 00 00 00 00 00 00 00  | p.......).......
0000000000063CB8 | 20 A1 07 00 00 00 00 00  C8 07 00 00 00 00 00 00  |  ...............
0000000000063CC8 | 9A B8 05 00 00 00 00 00  1E 00 00 00 00 00 00 00  | ................
0000000000063CD8 | 20 A1 07 00 00 00 00 00  C8 07 00 00 00 00 00 00  |  ...............
0000000000063CE8 | B9 B8 05 00 00 00 00 00  18 00 00 00 00 00 00 00  | ................
0000000000063CF8 | 20 A1 07 00 00 00 00 00  C8 07 00 00 00 00 00 00  |  ...............
0000000000063D08 | D2 B8 05 00 00 00 00 00  1F 00 00 00 00 00 00 00  | ................
0000000000063D18 | 20 A1 07 00 00 00 00 00  C8 07 00 00 00 00 00 00  |  ...............
0000000000063D28 | F2 B8 05 00 00 00 00 00  19 00 00 00 00 00 00 00  | ................
0000000000063D38 | 20 A1 07 00 00 00 00 00  C8 07 00 00 00 00 00 00  |  ...............
0000000000063D48 | 0C B9 05 00 00 00 00 00  19 00 00 00 00 00 00 00  | ................
0000000000063D58 | 20 A1 07 00 00 00 00 00  C8 07 00 00 00 00 00 00  |  ...............
0000000000063D68 | 26 B9 05 00 00 00 00 00  1C 00 00 00 00 00 00 00  | &...............
0000000000063D78 | 20 A1 07 00 00 00 00 00  C8 07 00 00 00 00 00 00  |  ...............
0000000000063D88 | 43 B9 05 00 00 00 00 00  08 00 00 00 00 00 00 00  | C...............
0000000000063D98 | 20 A1 07 00 00 00 00 00  C8 07 00 00 00 00 00 00  |  ...............
0000000000063DA8 | 4C B9 05 00 00 00 00 00  2D 00 00 00 00 00 00 00  | L.......-.......
0000000000063DB8 | 20 A1 07 00 00 00 00 00  C8 07 00 00 00 00 00 00  |  ...............
0000000000063DC8 | 7A B9 05 00 00 00 00 00  0D 00 00 00 00 00 00 00  | z...............
0000000000063DD8 | 20 A1 07 00 00 00 00 00  C8 07 00 00 00 00 00 00  |  ...............
0000000000063DE8 | 88 B9 05 00 00 00 00 00  18 00 00 00 00 00 00 00  | ................
0000000000063DF8 | 20 A1 07 00 00 00 00 00  C8 07 00 00 00 00 00 00  |  ...............
0000000000063E08 | A1 B9 05 00 00 00 00 00  3E 00 00 00 00 00 00 00  | ........>.......
0000000000063E18 | 20 A1 07 00 00 00 00 00  C8 07 00 00 00 00 00 00  |  ...............
0000000000063E28 | E0 B9 05 00 00 00 00 00  19 00 00 00 00 00 00 00  | ................
0000000000063E38 | 20 A1 07 00 00 00 00 00  C8 07 00 00 00 00 00 00  |  ...............
0000000000063E48 | FA B9 05 00 00 00 00 00  40 00 00 00 00 00 00 00  | ........@.......
0000000000063E58 | 20 A1 07 00 00 00 00 00  C8 07 00 00 00 00 00 00  |  ...............
0000000000063E68 | 3B BA 05 00 00 00 00 00  0B 00 00 00 00 00 00 00  | ;...............
0000000000063E78 | 20 A1 07 00 00 00 00 00  C8 07 00 00 00 00 00 00  |  ...............
0000000000063E88 | 47 BA 05 00 00 00 00 00  19 00 00 00 00 00 00 00  | G...............
0000000000063E98 | 20 A1 07 00 00 00 00 00  C8 07 00 00 00 00 00 00  |  ...............
0000000000063EA8 | 61 BA 05 00 00 00 00 00  16 00 00 00 00 00 00 00  | a...............
0000000000063EB8 | 20 A1 07 00 00 00 00 00  C8 07 00 00 00 00 00 00  |  ...............
0000000000063EC8 | 78 BA 05 00 00 00 00 00  19 00 00 00 00 00 00 00  | x...............
0000000000063ED8 | 20 A1 07 00 00 00 00 00  C8 07 00 00 00 00 00 00  |  ...............
0000000000063EE8 | 92 BA 05 00 00 00 00 00  3B 00 00 00 00 00 00 00  | ........;.......
0000000000063EF8 | 20 A1 07 00 00 00 00 00  C8 07 00 00 00 00 00 00  |  ...............
0000000000063F08 | CE BA 05 00 00 00 00 00  1C 00 00 00 00 00 00 00  | ................
0000000000063F18 | 20 A1 07 00 00 00 00 00  C8 07 00 00 00 00 00 00  |  ...............
0000000000063F28 | EB BA 05 00 00 00 00 00  1D 00 00 00 00 00 00 00  | ................
0000000000063F38 | 20 A1 07 00 00 00 00 00  C8 07 00 00 00 00 00 00  |  ...............
0000000000063F48 | 09 BB 05 00 00 00 00 00  47 00 00 00 00 00 00 00  | ........G.......
0000000000063F58 | 20 A1 07 00 00 00 00 00  C8 07 00 00 00 00 00 00  |  ...............
0000000000063F68 | 51 BB 05 00 00 00 00 00  27 00 00 00 00 00 00 00  | Q.......'.......
0000000000063F78 | 20 A1 07 00 00 00 00 00  C8 07 00 00 00 00 00 00  |  ...............
0000000000063F88 | 79 BB 05 00 00 00 00 00  1A 00 00 00 00 00 00 00  | y...............
0000000000063F98 | 20 A1 07 00 00 00 00 00  C8 07 00 00 00 00 00 00  |  ...............
0000000000063FA8 | 94 BB 05 00 00 00 00 00  4A 00 00 00 00 00 00 00  | ........J.......
0000000000063FB8 | 20 A1 07 00 00 00 00 00  C8 07 00 00 00 00 00 00  |  ...............
0000000000063FC8 | DF BB 05 00 00 00 00 00  2B 00 00 00 00 00 00 00  | ........+.......
0000000000063FD8 | 20 A1 07 00 00 00 00 00  C8 07 00 00 00 00 00 00  |  ...............
0000000000063FE8 | 0B BC 05 00 00 00 00 00  15 00 00 00 00 00 00 00  | ................
0000000000063FF8 | 20 A1 07 00 00 00 00 00  C8 07 00 00 00 00 00 00  |  ...............
0000000000064008 | 21 BC 05 00 00 00 00 00  AE 00 00 00 00 00 00 00  | !...............
0000000000064018 | 20 A1 07 00 00 00 00 00  C8 07 00 00 00 00 00 00  |  ...............
0000000000064028 | D0 BC 05 00 00 00 00 00  2A 00 00 00 00 00 00 00  | ........*.......
0000000000064038 | 20 A1 07 00 00 00 00 00  C8 07 00 00 00 00 00 00  |  ...............
0000000000064048 | FB BC 05 00 00 00 00 00  21 00 00 00 00 00 00 00  | ........!.......
0000000000064058 | 20 A1 07 00 00 00 00 00  C8 07 00 00 00 00 00 00  |  ...............
0000000000064068 | 1D BD 05 00 00 00 00 00  56 00 00 00 00 00 00 00  | ........V.......
0000000000064078 | 20 A1 07 00 00 00 00 00  C8 07 00 00 00 00 00 00  |  ...............
0000000000064088 | 74 BD 05 00 00 00 00 00  36 00 00 00 00 00 00 00  | t.......6.......
0000000000064098 | 20 A1 07 00 00 00 00 00  C8 07 00 00 00 00 00 00  |  ...............
00000000000640A8 | AB BD 05 00 00 00 00 00  21 00 00 00 00 00 00 00  | ........!.......
00000000000640B8 | 20 A1 07 00 00 00 00 00  C8 07 00 00 00 00 00 00  |  ...............
00000000000640C8 | CD BD 05 00 00 00 00 00  56 00 00 00 00 00 00 00  | ........V.......
00000000000640D8 | 20 A1 07 00 00 00 00 00  C8 07 00 00 00 00 00 00  |  ...............
00000000000640E8 | 24 BE 05 00 00 00 00 00  36 00 00 00 00 00 00 00  | $.......6.......
00000000000640F8 | 20 A1 07 00 00 00 00 00  C8 07 00 00 00 00 00 00  |  ...............
0000000000064108 | 5B BE 05 00 00 00 00 00  3A 00 00 00 00 00 00 00  | [.......:.......
0000000000064118 | 20 A1 07 00 00 00 00 00  C8 07 00 00 00 00 00 00  |  ...............
0000000000064128 | 96 BE 05 00 00 00 00 00  5B 00 00 00 00 00 00 00  | ........[.......
0000000000064138 | 20 A1 07 00 00 00 00 00  C8 07 00 00 00 00 00 00  |  ...............
0000000000064148 | F2 BE 05 00 00 00 00 00  3B 00 00 00 00 00 00 00  | ........;.......
0000000000064158 | 20 A1 07 00 00 00 00 00  C8 07 00 00 00 00 00 00  |  ...............
0000000000064168 | 2E BF 05 00 00 00 00 00  41 00 00 00 00 00 00 00  | ........A.......
0000000000064178 | 20 A1 07 00 00 00 00 00  C8 07 00 00 00 00 00 00  |  ...............
0000000000064188 | 70 BF 05 00 00 00 00 00  62 00 00 00 00 00 00 00  | p.......b.......
0000000000064198 | 20 A1 07 00 00 00 00 00  C8 07 00 00 00 00 00 00  |  ...............
00000000000641A8 | D3 BF 05 00 00 00 00 00  42 00 00 00 00 00 00 00  | ........B.......
00000000000641B8 | 20 A1 07 00 00 00 00 00  C8 07 00 00 00 00 00 00  |  ...............
00000000000641C8 | 16 C0 05 00 00 00 00 00  1D 00 00 00 00 00 00 00  | ................
00000000000641D8 | 20 A1 07 00 00 00 00 00  C8 07 00 00 00 00 00 00  |  ...............
00000000000641E8 | 34 C0 05 00 00 00 00 00  4F 00 00 00 00 00 00 00  | 4.......O.......
00000000000641F8 | 20 A1 07 00 00 00 00 00  C8 07 00 00 00 00 00 00  |  ...............
0000000000064208 | 84 C0 05 00 00 00 00 00  30 00 00 00 00 00 00 00  | ........0.......
0000000000064218 | 20 A1 07 00 00 00 00 00  C8 07 00 00 00 00 00 00  |  ...............
0000000000064228 | B5 C0 05 00 00 00 00 00  1C 00 00 00 00 00 00 00  | ................
0000000000064238 | 20 A1 07 00 00 00 00 00  C8 07 00 00 00 00 00 00  |  ...............
0000000000064248 | D2 C0 05 00 00 00 00 00  54 00 00 00 00 00 00 00  | ........T.......
0000000000064258 | 20 A1 07 00 00 00 00 00  C8 07 00 00 00 00 00 00  |  ...............
0000000000064268 | 27 C1 05 00 00 00 00 00  33 00 00 00 00 00 00 00  | '.......3.......
0000000000064278 | 20 A1 07 00 00 00 00 00  C8 07 00 00 00 00 00 00  |  ...............
0000000000064288 | 5B C1 05 00 00 00 00 00  47 00 00 00 00 00 00 00  | [.......G.......
0000000000064298 | 20 A1 07 00 00 00 00 00  C8 07 00 00 00 00 00 00  |  ...............
00000000000642A8 | A3 C1 05 00 00 00 00 00  28 00 00 00 00 00 00 00  | ........(.......
00000000000642B8 | 20 A1 07 00 00 00 00 00  C8 07 00 00 00 00 00 00  |  ...............
00000000000642C8 | CC C1 05 00 00 00 00 00  5E 00 00 00 00 00 00 00  | ........^.......
00000000000642D8 | 20 A1 07 00 00 00 00 00  C8 07 00 00 00 00 00 00  |  ...............
00000000000642E8 | 2B C2 05 00 00 00 00 00  37 00 00 00 00 00 00 00  | +.......7.......
00000000000642F8 | 20 A1 07 00 00 00 00 00  C8 07 00 00 00 00 00 00  |  ...............
0000000000064308 | 63 C2 05 00 00 00 00 00  63 00 00 00 00 00 00 00  | c.......c.......
0000000000064318 | 20 A1 07 00 00 00 00 00  C8 07 00 00 00 00 00 00  |  ...............
0000000000064328 | C7 C2 05 00 00 00 00 00  3C 00 00 00 00 00 00 00  | ........<.......
0000000000064338 | 20 A1 07 00 00 00 00 00  C8 07 00 00 00 00 00 00  |  ...............
0000000000064348 | 04 C3 05 00 00 00 00 00  6A 00 00 00 00 00 00 00  | ........j.......
0000000000064358 | 20 A1 07 00 00 00 00 00  C8 07 00 00 00 00 00 00  |  ...............
0000000000064368 | 6F C3 05 00 00 00 00 00  43 00 00 00 00 00 00 00  | o.......C.......
0000000000064378 | 20 A1 07 00 00 00 00 00  C8 07 00 00 00 00 00 00  |  ...............
0000000000064388 | B3 C3 05 00 00 00 00 00  6A 00 00 00 00 00 00 00  | ........j.......
0000000000064398 | 20 A1 07 00 00 00 00 00  C8 07 00 00 00 00 00 00  |  ...............
00000000000643A8 | 1E C4 05 00 00 00 00 00  43 00 00 00 00 00 00 00  | ........C.......
00000000000643B8 | 20 A1 07 00 00 00 00 00  C8 07 00 00 00 00 00 00  |  ...............
00000000000643C8 | 62 C4 05 00 00 00 00 00  88 00 00 00 00 00 00 00  | b...............
00000000000643D8 | 20 A1 07 00 00 00 00 00  C8 07 00 00 00 00 00 00  |  ...............
00000000000643E8 | EB C4 05 00 00 00 00 00  2F 00 00 00 00 00 00 00  | ......../.......
00000000000643F8 | 20 A1 07 00 00 00 00 00  C8 07 00 00 00 00 00 00  |  ...............
0000000000064408 | 1B C5 05 00 00 00 00 00  74 00 00 00 00 00 00 00  | ........t.......
0000000000064418 | 20 A1 07 00 00 00 00 00  C8 07 00 00 00 00 00 00  |  ...............
0000000000064428 | 90 C5 05 00 00 00 00 00  50 00 00 00 00 00 00 00  | ........P.......
0000000000064438 | 20 A1 07 00 00 00 00 00  C8 07 00 00 00 00 00 00  |  ...............
0000000000064448 | E1 C5 05 00 00 00 00 00  44 00 00 00 00 00 00 00  | ........D.......
0000000000064458 | 20 A1 07 00 00 00 00 00  C8 07 00 00 00 00 00 00  |  ...............
0000000000064468 | 26 C6 05 00 00 00 00 00  25 00 00 00 00 00 00 00  | &.......%.......
0000000000064478 | 20 A1 07 00 00 00 00 00  C8 07 00 00 00 00 00 00  |  ...............
0000000000064488 | 4C C6 05 00 00 00 00 00  20 00 00 00 00 00 00 00  | L....... .......
0000000000064498 | 20 A1 07 00 00 00 00 00  C8 07 00 00 00 00 00 00  |  ...............
00000000000644A8 | 6D C6 05 00 00 00 00 00  21 00 00 00 00 00 00 00  | m.......!.......
00000000000644B8 | 20 A1 07 00 00 00 00 00  C8 07 00 00 00 00 00 00  |  ...............
00000000000644C8 | 8F C6 05 00 00 00 00 00  1C 00 00 00 00 00 00 00  | ................
00000000000644D8 | 20 A1 07 00 00 00 00 00  C8 07 00 00 00 00 00 00  |  ...............
00000000000644E8 | AC C6 05 00 00 00 00 00  15 00 00 00 00 00 00 00  | ................
00000000000644F8 | 20 A1 07 00 00 00 00 00  C8 07 00 00 00 00 00 00  |  ...............
0000000000064508 | E5 C6 05 00 00 00 00 00  17 00 00 00 00 00 00 00  | ................
0000000000064518 | 20 A1 07 00 00 00 00 00  C8 07 00 00 00 00 00 00  |  ...............
0000000000064528 | FD C6 05 00 00 00 00 00  19 00 00 00 00 00 00 00  | ................
0000000000064538 | 20 A1 07 00 00 00 00 00  C8 07 00 00 00 00 00 00  |  ...............
0000000000064548 | 17 C7 05 00 00 00 00 00  03 00 00 00 00 00 00 00  | ................
0000000000064558 | 20 A1 07 00 00 00 00 00  C8 07 00 00 00 00 00 00  |  ...............
0000000000064568 | 5A C7 05 00 00 00 00 00  0F 00 00 00 00 00 00 00  | Z...............
0000000000064578 | 20 A1 07 00 00 00 00 00  C8 07 00 00 00 00 00 00  |  ...............
0000000000064588 | AE C7 05 00 00 00 00 00  10 00 00 00 00 00 00 00  | ................
0000000000064598 | 20 A1 07 00 00 00 00 00  C8 07 00 00 00 00 00 00  |  ...............
00000000000645A8 | BF C7 05 00 00 00 00 00  12 00 00 00 00 00 00 00  | ................
00000000000645B8 | 20 A1 07 00 00 00 00 00  C8 07 00 00 00 00 00 00  |  ...............
00000000000645C8 | D2 C7 05 00 00 00 00 00  15 00 00 00 00 00 00 00  | ................
00000000000645D8 | 20 A1 07 00 00 00 00 00  C8 07 00 00 00 00 00 00  |  ...............
00000000000645E8 | E8 C7 05 00 00 00 00 00  1C 00 00 00 00 00 00 00  | ................
00000000000645F8 | 20 A1 07 00 00 00 00 00  C8 07 00 00 00 00 00 00  |  ...............
0000000000064608 | 05 C8 05 00 00 00 00 00  18 00 00 00 00 00 00 00  | ................
0000000000064618 | 20 A1 07 00 00 00 00 00  C8 07 00 00 00 00 00 00  |  ...............
0000000000064628 | 1E C8 05 00 00 00 00 00  0A 00 00 00 00 00 00 00  | ................
0000000000064638 | 20 A1 07 00 00 00 00 00  C8 07 00 00 00 00 00 00  |  ...............
0000000000064648 | 29 C8 05 00 00 00 00 00  08 00 00 00 00 00 00 00  | )...............
