# Memory dump: 0x6cfa0 - 0x6e918
# Segment: __objc_selrefs
#============================================================================

# Address        | Hex Bytes                                       | ASCII
#----------------------------------------------------------------------------
000000000006CFA0 | 7C 28 05 00 00 00 00 00  8F 28 05 00 00 00 00 00  | |(.......(......
000000000006CFB0 | 68 32 05 00 00 00 00 00  B2 28 05 00 00 00 00 00  | h2.......(......
000000000006CFC0 | 99 32 05 00 00 00 00 00  C7 28 05 00 00 00 00 00  | .2.......(......
000000000006CFD0 | BE 32 05 00 00 00 00 00  FE 28 05 00 00 00 00 00  | .2.......(......
000000000006CFE0 | 29 29 05 00 00 00 00 00  0A 33 05 00 00 00 00 00  | )).......3......
000000000006CFF0 | 53 29 05 00 00 00 00 00  8B 28 05 00 00 00 00 00  | S).......(......
000000000006D000 | 98 29 05 00 00 00 00 00  C1 29 05 00 00 00 00 00  | .).......)......
000000000006D010 | 81 33 05 00 00 00 00 00  6E 3D 05 00 00 00 00 00  | .3......n=......
000000000006D020 | 7A 3F 05 00 00 00 00 00  89 3F 05 00 00 00 00 00  | z?.......?......
000000000006D030 | 94 3F 05 00 00 00 00 00  99 3F 05 00 00 00 00 00  | .?.......?......
000000000006D040 | DE 40 05 00 00 00 00 00  48 41 05 00 00 00 00 00  | .@......HA......
000000000006D050 | 79 41 05 00 00 00 00 00  20 42 05 00 00 00 00 00  | yA...... B......
000000000006D060 | 35 42 05 00 00 00 00 00  41 42 05 00 00 00 00 00  | 5B......AB......
000000000006D070 | 50 42 05 00 00 00 00 00  EB 42 05 00 00 00 00 00  | PB.......B......
000000000006D080 | 21 43 05 00 00 00 00 00  78 43 05 00 00 00 00 00  | !C......xC......
000000000006D090 | 6C 44 05 00 00 00 00 00  42 45 05 00 00 00 00 00  | lD......BE......
000000000006D0A0 | 63 45 05 00 00 00 00 00  91 45 05 00 00 00 00 00  | cE.......E......
000000000006D0B0 | B2 45 05 00 00 00 00 00  D8 45 05 00 00 00 00 00  | .E.......E......
000000000006D0C0 | FA 45 05 00 00 00 00 00  1E 46 05 00 00 00 00 00  | .E.......F......
000000000006D0D0 | 32 46 05 00 00 00 00 00  5C 46 05 00 00 00 00 00  | 2F......\F......
000000000006D0E0 | BA 46 05 00 00 00 00 00  E2 46 05 00 00 00 00 00  | .F.......F......
000000000006D0F0 | CB 29 05 00 00 00 00 00  20 47 05 00 00 00 00 00  | .)...... G......
000000000006D100 | 35 47 05 00 00 00 00 00  60 47 05 00 00 00 00 00  | 5G......`G......
000000000006D110 | D1 47 05 00 00 00 00 00  3D 48 05 00 00 00 00 00  | .G......=H......
000000000006D120 | 53 48 05 00 00 00 00 00  FA 33 05 00 00 00 00 00  | SH.......3......
000000000006D130 | 72 48 05 00 00 00 00 00  94 48 05 00 00 00 00 00  | rH.......H......
000000000006D140 | B1 48 05 00 00 00 00 00  DC 48 05 00 00 00 00 00  | .H.......H......
000000000006D150 | FA 48 05 00 00 00 00 00  4B 49 05 00 00 00 00 00  | .H......KI......
000000000006D160 | 59 49 05 00 00 00 00 00  70 49 05 00 00 00 00 00  | YI......pI......
000000000006D170 | C3 49 05 00 00 00 00 00  E9 49 05 00 00 00 00 00  | .I.......I......
000000000006D180 | 24 4A 05 00 00 00 00 00  2A 4B 05 00 00 00 00 00  | $J......*K......
000000000006D190 | 63 4B 05 00 00 00 00 00  97 4B 05 00 00 00 00 00  | cK.......K......
000000000006D1A0 | 0E 4C 05 00 00 00 00 00  3A 4C 05 00 00 00 00 00  | .L......:L......
000000000006D1B0 | 61 4C 05 00 00 00 00 00  6C 4C 05 00 00 00 00 00  | aL......lL......
000000000006D1C0 | 94 4C 05 00 00 00 00 00  B6 4C 05 00 00 00 00 00  | .L.......L......
000000000006D1D0 | CA 4C 05 00 00 00 00 00  D6 4C 05 00 00 00 00 00  | .L.......L......
000000000006D1E0 | E8 4C 05 00 00 00 00 00  FA 4C 05 00 00 00 00 00  | .L.......L......
000000000006D1F0 | 04 4D 05 00 00 00 00 00  48 34 05 00 00 00 00 00  | .M......H4......
000000000006D200 | 17 4D 05 00 00 00 00 00  33 4D 05 00 00 00 00 00  | .M......3M......
000000000006D210 | 63 2A 05 00 00 00 00 00  6A 4D 05 00 00 00 00 00  | c*......jM......
000000000006D220 | 9C 4D 05 00 00 00 00 00  B0 4D 05 00 00 00 00 00  | .M.......M......
000000000006D230 | BC 4D 05 00 00 00 00 00  CA 4D 05 00 00 00 00 00  | .M.......M......
000000000006D240 | D8 4D 05 00 00 00 00 00  E9 4D 05 00 00 00 00 00  | .M.......M......
000000000006D250 | 14 4E 05 00 00 00 00 00  94 2A 05 00 00 00 00 00  | .N.......*......
000000000006D260 | 1A 4E 05 00 00 00 00 00  2D 4E 05 00 00 00 00 00  | .N......-N......
000000000006D270 | 3E 4E 05 00 00 00 00 00  50 4E 05 00 00 00 00 00  | >N......PN......
000000000006D280 | 68 4E 05 00 00 00 00 00  7A 4E 05 00 00 00 00 00  | hN......zN......
000000000006D290 | A8 4E 05 00 00 00 00 00  CD 4E 05 00 00 00 00 00  | .N.......N......
000000000006D2A0 | E9 4E 05 00 00 00 00 00  06 4F 05 00 00 00 00 00  | .N.......O......
000000000006D2B0 | BA 34 05 00 00 00 00 00  47 4F 05 00 00 00 00 00  | .4......GO......
000000000006D2C0 | 56 4F 05 00 00 00 00 00  C9 2A 05 00 00 00 00 00  | VO.......*......
000000000006D2D0 | 79 4F 05 00 00 00 00 00  88 4F 05 00 00 00 00 00  | yO.......O......
000000000006D2E0 | EF 34 05 00 00 00 00 00  D9 4F 05 00 00 00 00 00  | .4.......O......
000000000006D2F0 | F2 4F 05 00 00 00 00 00  1C 50 05 00 00 00 00 00  | .O.......P......
000000000006D300 | 27 50 05 00 00 00 00 00  45 50 05 00 00 00 00 00  | 'P......EP......
000000000006D310 | 59 50 05 00 00 00 00 00  7B 50 05 00 00 00 00 00  | YP......{P......
000000000006D320 | 98 50 05 00 00 00 00 00  A2 50 05 00 00 00 00 00  | .P.......P......
000000000006D330 | D3 50 05 00 00 00 00 00  ED 50 05 00 00 00 00 00  | .P.......P......
000000000006D340 | FE 50 05 00 00 00 00 00  08 51 05 00 00 00 00 00  | .P.......Q......
000000000006D350 | 18 51 05 00 00 00 00 00  2E 51 05 00 00 00 00 00  | .Q.......Q......
000000000006D360 | 41 51 05 00 00 00 00 00  4F 51 05 00 00 00 00 00  | AQ......OQ......
000000000006D370 | 56 51 05 00 00 00 00 00  7F 51 05 00 00 00 00 00  | VQ.......Q......
000000000006D380 | 97 51 05 00 00 00 00 00  A4 51 05 00 00 00 00 00  | .Q.......Q......
000000000006D390 | BA 51 05 00 00 00 00 00  D0 51 05 00 00 00 00 00  | .Q.......Q......
000000000006D3A0 | F7 2A 05 00 00 00 00 00  DC 51 05 00 00 00 00 00  | .*.......Q......
000000000006D3B0 | EE 51 05 00 00 00 00 00  03 52 05 00 00 00 00 00  | .Q.......R......
000000000006D3C0 | 2B 35 05 00 00 00 00 00  09 52 05 00 00 00 00 00  | +5.......R......
000000000006D3D0 | 24 52 05 00 00 00 00 00  2F 52 05 00 00 00 00 00  | $R....../R......
000000000006D3E0 | 71 52 05 00 00 00 00 00  77 52 05 00 00 00 00 00  | qR......wR......
000000000006D3F0 | 7E 52 05 00 00 00 00 00  8B 52 05 00 00 00 00 00  | ~R.......R......
000000000006D400 | 1F 2B 05 00 00 00 00 00  9E 52 05 00 00 00 00 00  | .+.......R......
000000000006D410 | A3 52 05 00 00 00 00 00  A9 52 05 00 00 00 00 00  | .R.......R......
000000000006D420 | C8 52 05 00 00 00 00 00  D9 52 05 00 00 00 00 00  | .R.......R......
000000000006D430 | E2 52 05 00 00 00 00 00  F6 52 05 00 00 00 00 00  | .R.......R......
000000000006D440 | 4E 35 05 00 00 00 00 00  0B 53 05 00 00 00 00 00  | N5.......S......
000000000006D450 | 7A 53 05 00 00 00 00 00  9C 53 05 00 00 00 00 00  | zS.......S......
000000000006D460 | BD 53 05 00 00 00 00 00  D5 53 05 00 00 00 00 00  | .S.......S......
000000000006D470 | 2A 54 05 00 00 00 00 00  46 54 05 00 00 00 00 00  | *T......FT......
000000000006D480 | 7B 54 05 00 00 00 00 00  BE 54 05 00 00 00 00 00  | {T.......T......
000000000006D490 | E2 54 05 00 00 00 00 00  0F 55 05 00 00 00 00 00  | .T.......U......
000000000006D4A0 | 3B 55 05 00 00 00 00 00  55 55 05 00 00 00 00 00  | ;U......UU......
000000000006D4B0 | 6F 55 05 00 00 00 00 00  9B 55 05 00 00 00 00 00  | oU.......U......
000000000006D4C0 | B5 55 05 00 00 00 00 00  CF 55 05 00 00 00 00 00  | .U.......U......
000000000006D4D0 | DC 55 05 00 00 00 00 00  F6 55 05 00 00 00 00 00  | .U.......U......
000000000006D4E0 | 0C 56 05 00 00 00 00 00  7A 2B 05 00 00 00 00 00  | .V......z+......
000000000006D4F0 | A3 35 05 00 00 00 00 00  24 56 05 00 00 00 00 00  | .5......$V......
000000000006D500 | 32 56 05 00 00 00 00 00  3E 56 05 00 00 00 00 00  | 2V......>V......
000000000006D510 | 64 56 05 00 00 00 00 00  69 56 05 00 00 00 00 00  | dV......iV......
000000000006D520 | 76 56 05 00 00 00 00 00  7C 56 05 00 00 00 00 00  | vV......|V......
000000000006D530 | A7 56 05 00 00 00 00 00  EB 56 05 00 00 00 00 00  | .V.......V......
000000000006D540 | 04 57 05 00 00 00 00 00  2A 57 05 00 00 00 00 00  | .W......*W......
000000000006D550 | 38 57 05 00 00 00 00 00  53 57 05 00 00 00 00 00  | 8W......SW......
000000000006D560 | 62 57 05 00 00 00 00 00  88 57 05 00 00 00 00 00  | bW.......W......
000000000006D570 | 8D 57 05 00 00 00 00 00  A0 57 05 00 00 00 00 00  | .W.......W......
000000000006D580 | E5 57 05 00 00 00 00 00  FB 57 05 00 00 00 00 00  | .W.......W......
000000000006D590 | 24 58 05 00 00 00 00 00  36 58 05 00 00 00 00 00  | $X......6X......
000000000006D5A0 | 4E 58 05 00 00 00 00 00  66 58 05 00 00 00 00 00  | NX......fX......
000000000006D5B0 | A8 2B 05 00 00 00 00 00  88 58 05 00 00 00 00 00  | .+.......X......
000000000006D5C0 | D2 35 05 00 00 00 00 00  8D 58 05 00 00 00 00 00  | .5.......X......
000000000006D5D0 | D6 2B 05 00 00 00 00 00  BD 58 05 00 00 00 00 00  | .+.......X......
000000000006D5E0 | CB 58 05 00 00 00 00 00  E6 58 05 00 00 00 00 00  | .X.......X......
000000000006D5F0 | F5 58 05 00 00 00 00 00  FE 58 05 00 00 00 00 00  | .X.......X......
000000000006D600 | 0C 59 05 00 00 00 00 00  2B 59 05 00 00 00 00 00  | .Y......+Y......
000000000006D610 | 3A 59 05 00 00 00 00 00  71 59 05 00 00 00 00 00  | :Y......qY......
000000000006D620 | 7D 59 05 00 00 00 00 00  FC 35 05 00 00 00 00 00  | }Y.......5......
000000000006D630 | FD 2B 05 00 00 00 00 00  97 59 05 00 00 00 00 00  | .+.......Y......
000000000006D640 | D1 59 05 00 00 00 00 00  E3 59 05 00 00 00 00 00  | .Y.......Y......
000000000006D650 | F4 59 05 00 00 00 00 00  05 5A 05 00 00 00 00 00  | .Y.......Z......
000000000006D660 | 14 5A 05 00 00 00 00 00  1F 5A 05 00 00 00 00 00  | .Z.......Z......
000000000006D670 | 37 5A 05 00 00 00 00 00  55 5A 05 00 00 00 00 00  | 7Z......UZ......
000000000006D680 | 6F 5A 05 00 00 00 00 00  94 5A 05 00 00 00 00 00  | oZ.......Z......
000000000006D690 | A0 5A 05 00 00 00 00 00  C5 5A 05 00 00 00 00 00  | .Z.......Z......
000000000006D6A0 | DA 5A 05 00 00 00 00 00  E3 5A 05 00 00 00 00 00  | .Z.......Z......
000000000006D6B0 | F8 5A 05 00 00 00 00 00  02 5B 05 00 00 00 00 00  | .Z.......[......
000000000006D6C0 | 18 5B 05 00 00 00 00 00  26 5B 05 00 00 00 00 00  | .[......&[......
000000000006D6D0 | 69 5B 05 00 00 00 00 00  29 36 05 00 00 00 00 00  | i[......)6......
000000000006D6E0 | 2E 2C 05 00 00 00 00 00  80 5B 05 00 00 00 00 00  | .,.......[......
000000000006D6F0 | A8 5B 05 00 00 00 00 00  BE 5B 05 00 00 00 00 00  | .[.......[......
000000000006D700 | D0 5B 05 00 00 00 00 00  DE 5B 05 00 00 00 00 00  | .[.......[......
000000000006D710 | E8 5B 05 00 00 00 00 00  F9 5B 05 00 00 00 00 00  | .[.......[......
000000000006D720 | 04 5C 05 00 00 00 00 00  0E 5C 05 00 00 00 00 00  | .\.......\......
000000000006D730 | 1C 5C 05 00 00 00 00 00  38 5C 05 00 00 00 00 00  | .\......8\......
000000000006D740 | 44 5C 05 00 00 00 00 00  53 5C 05 00 00 00 00 00  | D\......S\......
000000000006D750 | 70 5C 05 00 00 00 00 00  77 5C 05 00 00 00 00 00  | p\......w\......
000000000006D760 | 7C 5C 05 00 00 00 00 00  92 5C 05 00 00 00 00 00  | |\.......\......
000000000006D770 | 97 5C 05 00 00 00 00 00  D9 5C 05 00 00 00 00 00  | .\.......\......
000000000006D780 | 1F 5D 05 00 00 00 00 00  32 5D 05 00 00 00 00 00  | .]......2]......
000000000006D790 | 44 5D 05 00 00 00 00 00  82 2C 05 00 00 00 00 00  | D].......,......
000000000006D7A0 | 53 5D 05 00 00 00 00 00  7C 5D 05 00 00 00 00 00  | S]......|]......
000000000006D7B0 | 94 5D 05 00 00 00 00 00  B7 5D 05 00 00 00 00 00  | .].......]......
000000000006D7C0 | D3 5D 05 00 00 00 00 00  F0 5D 05 00 00 00 00 00  | .].......]......
000000000006D7D0 | 0F 5E 05 00 00 00 00 00  26 5E 05 00 00 00 00 00  | .^......&^......
000000000006D7E0 | 35 5E 05 00 00 00 00 00  4F 5E 05 00 00 00 00 00  | 5^......O^......
000000000006D7F0 | 81 5E 05 00 00 00 00 00  90 5E 05 00 00 00 00 00  | .^.......^......
000000000006D800 | 9B 5E 05 00 00 00 00 00  AD 5E 05 00 00 00 00 00  | .^.......^......
000000000006D810 | CB 5E 05 00 00 00 00 00  E7 5E 05 00 00 00 00 00  | .^.......^......
000000000006D820 | F0 5E 05 00 00 00 00 00  09 5F 05 00 00 00 00 00  | .^......._......
000000000006D830 | 12 5F 05 00 00 00 00 00  5F 5F 05 00 00 00 00 00  | ._......__......
000000000006D840 | 71 5F 05 00 00 00 00 00  BB 36 05 00 00 00 00 00  | q_.......6......
000000000006D850 | 7C 5F 05 00 00 00 00 00  9D 5F 05 00 00 00 00 00  | |_......._......
000000000006D860 | D6 5F 05 00 00 00 00 00  E0 5F 05 00 00 00 00 00  | ._......._......
000000000006D870 | 86 60 05 00 00 00 00 00  AE 60 05 00 00 00 00 00  | .`.......`......
000000000006D880 | CF 60 05 00 00 00 00 00  E9 60 05 00 00 00 00 00  | .`.......`......
000000000006D890 | F8 60 05 00 00 00 00 00  2C 61 05 00 00 00 00 00  | .`......,a......
000000000006D8A0 | 85 61 05 00 00 00 00 00  9A 61 05 00 00 00 00 00  | .a.......a......
000000000006D8B0 | CA 61 05 00 00 00 00 00  FF 61 05 00 00 00 00 00  | .a.......a......
000000000006D8C0 | 39 62 05 00 00 00 00 00  4B 62 05 00 00 00 00 00  | 9b......Kb......
000000000006D8D0 | 5F 62 05 00 00 00 00 00  AF 2C 05 00 00 00 00 00  | _b.......,......
000000000006D8E0 | 75 62 05 00 00 00 00 00  80 62 05 00 00 00 00 00  | ub.......b......
000000000006D8F0 | 90 62 05 00 00 00 00 00  F9 36 05 00 00 00 00 00  | .b.......6......
000000000006D900 | DC 2C 05 00 00 00 00 00  BB 62 05 00 00 00 00 00  | .,.......b......
000000000006D910 | EF 62 05 00 00 00 00 00  15 63 05 00 00 00 00 00  | .b.......c......
000000000006D920 | 3A 63 05 00 00 00 00 00  4D 63 05 00 00 00 00 00  | :c......Mc......
000000000006D930 | 60 63 05 00 00 00 00 00  8B 63 05 00 00 00 00 00  | `c.......c......
000000000006D940 | 23 37 05 00 00 00 00 00  99 63 05 00 00 00 00 00  | #7.......c......
000000000006D950 | 30 2D 05 00 00 00 00 00  A5 63 05 00 00 00 00 00  | 0-.......c......
000000000006D960 | C1 63 05 00 00 00 00 00  67 37 05 00 00 00 00 00  | .c......g7......
000000000006D970 | C6 63 05 00 00 00 00 00  E3 63 05 00 00 00 00 00  | .c.......c......
000000000006D980 | 08 64 05 00 00 00 00 00  3D 64 05 00 00 00 00 00  | .d......=d......
000000000006D990 | 53 64 05 00 00 00 00 00  72 64 05 00 00 00 00 00  | Sd......rd......
000000000006D9A0 | A4 64 05 00 00 00 00 00  00 65 05 00 00 00 00 00  | .d.......e......
000000000006D9B0 | 26 65 05 00 00 00 00 00  47 65 05 00 00 00 00 00  | &e......Ge......
000000000006D9C0 | 5F 65 05 00 00 00 00 00  86 65 05 00 00 00 00 00  | _e.......e......
000000000006D9D0 | A7 65 05 00 00 00 00 00  CD 65 05 00 00 00 00 00  | .e.......e......
000000000006D9E0 | 05 66 05 00 00 00 00 00  13 66 05 00 00 00 00 00  | .f.......f......
000000000006D9F0 | 2D 66 05 00 00 00 00 00  44 66 05 00 00 00 00 00  | -f......Df......
000000000006DA00 | 8A 66 05 00 00 00 00 00  6D 2D 05 00 00 00 00 00  | .f......m-......
000000000006DA10 | A4 66 05 00 00 00 00 00  D0 66 05 00 00 00 00 00  | .f.......f......
000000000006DA20 | DE 66 05 00 00 00 00 00  F6 66 05 00 00 00 00 00  | .f.......f......
000000000006DA30 | 1B 67 05 00 00 00 00 00  C0 37 05 00 00 00 00 00  | .g.......7......
000000000006DA40 | 36 67 05 00 00 00 00 00  50 67 05 00 00 00 00 00  | 6g......Pg......
000000000006DA50 | 5F 67 05 00 00 00 00 00  AB 2D 05 00 00 00 00 00  | _g.......-......
000000000006DA60 | 6D 67 05 00 00 00 00 00  F1 37 05 00 00 00 00 00  | mg.......7......
000000000006DA70 | E7 2D 05 00 00 00 00 00  81 67 05 00 00 00 00 00  | .-.......g......
000000000006DA80 | 9B 67 05 00 00 00 00 00  C1 67 05 00 00 00 00 00  | .g.......g......
000000000006DA90 | E8 67 05 00 00 00 00 00  00 68 05 00 00 00 00 00  | .g.......h......
000000000006DAA0 | 1C 68 05 00 00 00 00 00  34 68 05 00 00 00 00 00  | .h......4h......
000000000006DAB0 | 4D 68 05 00 00 00 00 00  C9 68 05 00 00 00 00 00  | Mh.......h......
000000000006DAC0 | 22 69 05 00 00 00 00 00  36 69 05 00 00 00 00 00  | "i......6i......
000000000006DAD0 | 2D 38 05 00 00 00 00 00  72 69 05 00 00 00 00 00  | -8......ri......
000000000006DAE0 | 0D 2E 05 00 00 00 00 00  87 69 05 00 00 00 00 00  | .........i......
000000000006DAF0 | 95 69 05 00 00 00 00 00  D9 69 05 00 00 00 00 00  | .i.......i......
000000000006DB00 | ED 69 05 00 00 00 00 00  FB 69 05 00 00 00 00 00  | .i.......i......
000000000006DB10 | 55 38 05 00 00 00 00 00  1B 6A 05 00 00 00 00 00  | U8.......j......
000000000006DB20 | 31 6A 05 00 00 00 00 00  3A 6A 05 00 00 00 00 00  | 1j......:j......
000000000006DB30 | 45 2E 05 00 00 00 00 00  51 6A 05 00 00 00 00 00  | E.......Qj......
000000000006DB40 | 5D 6A 05 00 00 00 00 00  69 6A 05 00 00 00 00 00  | ]j......ij......
000000000006DB50 | 81 6A 05 00 00 00 00 00  C1 6A 05 00 00 00 00 00  | .j.......j......
000000000006DB60 | FD 6A 05 00 00 00 00 00  1A 6B 05 00 00 00 00 00  | .j.......k......
000000000006DB70 | 33 6B 05 00 00 00 00 00  42 6B 05 00 00 00 00 00  | 3k......Bk......
000000000006DB80 | 7C 6B 05 00 00 00 00 00  9B 6B 05 00 00 00 00 00  | |k.......k......
000000000006DB90 | AC 6B 05 00 00 00 00 00  B7 6B 05 00 00 00 00 00  | .k.......k......
000000000006DBA0 | C1 6B 05 00 00 00 00 00  CB 6B 05 00 00 00 00 00  | .k.......k......
000000000006DBB0 | DC 6B 05 00 00 00 00 00  E7 6B 05 00 00 00 00 00  | .k.......k......
000000000006DBC0 | 0F 6C 05 00 00 00 00 00  67 2E 05 00 00 00 00 00  | .l......g.......
000000000006DBD0 | 3A 6C 05 00 00 00 00 00  49 6C 05 00 00 00 00 00  | :l......Il......
000000000006DBE0 | 50 6C 05 00 00 00 00 00  84 6C 05 00 00 00 00 00  | Pl.......l......
000000000006DBF0 | 9D 38 05 00 00 00 00 00  A0 6C 05 00 00 00 00 00  | .8.......l......
000000000006DC00 | B1 6C 05 00 00 00 00 00  E4 6C 05 00 00 00 00 00  | .l.......l......
000000000006DC10 | FA 6C 05 00 00 00 00 00  1A 6D 05 00 00 00 00 00  | .l.......m......
000000000006DC20 | 30 6D 05 00 00 00 00 00  46 6D 05 00 00 00 00 00  | 0m......Fm......
000000000006DC30 | 5C 6D 05 00 00 00 00 00  71 6D 05 00 00 00 00 00  | \m......qm......
000000000006DC40 | 94 6D 05 00 00 00 00 00  0A 6E 05 00 00 00 00 00  | .m.......n......
000000000006DC50 | 18 6E 05 00 00 00 00 00  88 2E 05 00 00 00 00 00  | .n..............
000000000006DC60 | 22 6E 05 00 00 00 00 00  4A 6E 05 00 00 00 00 00  | "n......Jn......
000000000006DC70 | BE 38 05 00 00 00 00 00  61 6E 05 00 00 00 00 00  | .8......an......
000000000006DC80 | 6C 6E 05 00 00 00 00 00  77 6E 05 00 00 00 00 00  | ln......wn......
000000000006DC90 | A5 6E 05 00 00 00 00 00  B0 6E 05 00 00 00 00 00  | .n.......n......
000000000006DCA0 | D9 6E 05 00 00 00 00 00  E4 6E 05 00 00 00 00 00  | .n.......n......
000000000006DCB0 | F5 6E 05 00 00 00 00 00  07 6F 05 00 00 00 00 00  | .n.......o......
000000000006DCC0 | 15 6F 05 00 00 00 00 00  2F 6F 05 00 00 00 00 00  | .o....../o......
000000000006DCD0 | 38 6F 05 00 00 00 00 00  56 6F 05 00 00 00 00 00  | 8o......Vo......
000000000006DCE0 | 63 6F 05 00 00 00 00 00  6F 6F 05 00 00 00 00 00  | co......oo......
000000000006DCF0 | ED 38 05 00 00 00 00 00  74 6F 05 00 00 00 00 00  | .8......to......
000000000006DD00 | B9 6F 05 00 00 00 00 00  C6 6F 05 00 00 00 00 00  | .o.......o......
000000000006DD10 | D9 6F 05 00 00 00 00 00  E4 6F 05 00 00 00 00 00  | .o.......o......
000000000006DD20 | E9 6F 05 00 00 00 00 00  E6 2E 05 00 00 00 00 00  | .o..............
000000000006DD30 | F8 6F 05 00 00 00 00 00  0A 70 05 00 00 00 00 00  | .o.......p......
000000000006DD40 | 1B 70 05 00 00 00 00 00  2A 70 05 00 00 00 00 00  | .p......*p......
000000000006DD50 | 3D 70 05 00 00 00 00 00  51 70 05 00 00 00 00 00  | =p......Qp......
000000000006DD60 | 60 70 05 00 00 00 00 00  8D 70 05 00 00 00 00 00  | `p.......p......
000000000006DD70 | 9B 70 05 00 00 00 00 00  B4 70 05 00 00 00 00 00  | .p.......p......
000000000006DD80 | 14 39 05 00 00 00 00 00  F7 70 05 00 00 00 00 00  | .9.......p......
000000000006DD90 | FC 70 05 00 00 00 00 00  02 71 05 00 00 00 00 00  | .p.......q......
000000000006DDA0 | 0E 71 05 00 00 00 00 00  51 71 05 00 00 00 00 00  | .q......Qq......
000000000006DDB0 | 5D 71 05 00 00 00 00 00  6C 71 05 00 00 00 00 00  | ]q......lq......
000000000006DDC0 | 80 71 05 00 00 00 00 00  BF 71 05 00 00 00 00 00  | .q.......q......
000000000006DDD0 | C4 71 05 00 00 00 00 00  D2 71 05 00 00 00 00 00  | .q.......q......
000000000006DDE0 | E0 71 05 00 00 00 00 00  ED 71 05 00 00 00 00 00  | .q.......q......
000000000006DDF0 | FB 71 05 00 00 00 00 00  08 72 05 00 00 00 00 00  | .q.......r......
000000000006DE00 | 38 72 05 00 00 00 00 00  6B 72 05 00 00 00 00 00  | 8r......kr......
000000000006DE10 | 87 72 05 00 00 00 00 00  D5 72 05 00 00 00 00 00  | .r.......r......
000000000006DE20 | 0B 73 05 00 00 00 00 00  12 2F 05 00 00 00 00 00  | .s......./......
000000000006DE30 | 28 73 05 00 00 00 00 00  39 73 05 00 00 00 00 00  | (s......9s......
000000000006DE40 | 4C 73 05 00 00 00 00 00  77 73 05 00 00 00 00 00  | Ls......ws......
000000000006DE50 | 96 73 05 00 00 00 00 00  AF 73 05 00 00 00 00 00  | .s.......s......
000000000006DE60 | DE 73 05 00 00 00 00 00  F0 73 05 00 00 00 00 00  | .s.......s......
000000000006DE70 | 02 74 05 00 00 00 00 00  14 74 05 00 00 00 00 00  | .t.......t......
000000000006DE80 | 2E 74 05 00 00 00 00 00  38 74 05 00 00 00 00 00  | .t......8t......
000000000006DE90 | 4A 74 05 00 00 00 00 00  56 74 05 00 00 00 00 00  | Jt......Vt......
000000000006DEA0 | 71 74 05 00 00 00 00 00  36 39 05 00 00 00 00 00  | qt......69......
000000000006DEB0 | 0A 75 05 00 00 00 00 00  1D 75 05 00 00 00 00 00  | .u.......u......
000000000006DEC0 | 31 75 05 00 00 00 00 00  3B 75 05 00 00 00 00 00  | 1u......;u......
000000000006DED0 | 49 75 05 00 00 00 00 00  53 75 05 00 00 00 00 00  | Iu......Su......
000000000006DEE0 | 5F 75 05 00 00 00 00 00  80 75 05 00 00 00 00 00  | _u.......u......
000000000006DEF0 | A2 75 05 00 00 00 00 00  D9 75 05 00 00 00 00 00  | .u.......u......
000000000006DF00 | FD 75 05 00 00 00 00 00  3E 2F 05 00 00 00 00 00  | .u......>/......
000000000006DF10 | 18 76 05 00 00 00 00 00  66 76 05 00 00 00 00 00  | .v......fv......
000000000006DF20 | 74 76 05 00 00 00 00 00  8F 76 05 00 00 00 00 00  | tv.......v......
000000000006DF30 | 9E 76 05 00 00 00 00 00  BB 76 05 00 00 00 00 00  | .v.......v......
000000000006DF40 | C6 76 05 00 00 00 00 00  D0 76 05 00 00 00 00 00  | .v.......v......
000000000006DF50 | 0E 77 05 00 00 00 00 00  42 77 05 00 00 00 00 00  | .w......Bw......
000000000006DF60 | 73 39 05 00 00 00 00 00  6C 77 05 00 00 00 00 00  | s9......lw......
000000000006DF70 | A2 77 05 00 00 00 00 00  C4 77 05 00 00 00 00 00  | .w.......w......
000000000006DF80 | FB 77 05 00 00 00 00 00  28 78 05 00 00 00 00 00  | .w......(x......
000000000006DF90 | 4C 78 05 00 00 00 00 00  6A 78 05 00 00 00 00 00  | Lx......jx......
000000000006DFA0 | 95 78 05 00 00 00 00 00  BB 78 05 00 00 00 00 00  | .x.......x......
000000000006DFB0 | CD 78 05 00 00 00 00 00  D8 78 05 00 00 00 00 00  | .x.......x......
000000000006DFC0 | 16 79 05 00 00 00 00 00  31 79 05 00 00 00 00 00  | .y......1y......
000000000006DFD0 | 42 79 05 00 00 00 00 00  51 79 05 00 00 00 00 00  | By......Qy......
000000000006DFE0 | 6A 79 05 00 00 00 00 00  98 79 05 00 00 00 00 00  | jy.......y......
000000000006DFF0 | C4 79 05 00 00 00 00 00  D6 79 05 00 00 00 00 00  | .y.......y......
000000000006E000 | FC 79 05 00 00 00 00 00  27 7A 05 00 00 00 00 00  | .y......'z......
000000000006E010 | 3B 7A 05 00 00 00 00 00  53 7A 05 00 00 00 00 00  | ;z......Sz......
000000000006E020 | 6A 7A 05 00 00 00 00 00  78 7A 05 00 00 00 00 00  | jz......xz......
000000000006E030 | 8D 7A 05 00 00 00 00 00  A1 7A 05 00 00 00 00 00  | .z.......z......
000000000006E040 | BC 7A 05 00 00 00 00 00  D8 7A 05 00 00 00 00 00  | .z.......z......
000000000006E050 | F1 7A 05 00 00 00 00 00  17 7B 05 00 00 00 00 00  | .z.......{......
000000000006E060 | 4C 7B 05 00 00 00 00 00  69 7B 05 00 00 00 00 00  | L{......i{......
000000000006E070 | 27 7C 05 00 00 00 00 00  45 7C 05 00 00 00 00 00  | '|......E|......
000000000006E080 | 57 7C 05 00 00 00 00 00  73 7C 05 00 00 00 00 00  | W|......s|......
000000000006E090 | 9C 7C 05 00 00 00 00 00  BB 7C 05 00 00 00 00 00  | .|.......|......
000000000006E0A0 | F1 7C 05 00 00 00 00 00  7F 7D 05 00 00 00 00 00  | .|.......}......
000000000006E0B0 | A9 7D 05 00 00 00 00 00  BA 7D 05 00 00 00 00 00  | .}.......}......
000000000006E0C0 | 8F 2F 05 00 00 00 00 00  F7 7D 05 00 00 00 00 00  | ./.......}......
000000000006E0D0 | 0F 7E 05 00 00 00 00 00  47 7E 05 00 00 00 00 00  | .~......G~......
000000000006E0E0 | 7D 7E 05 00 00 00 00 00  82 7E 05 00 00 00 00 00  | }~.......~......
000000000006E0F0 | 87 7E 05 00 00 00 00 00  94 7E 05 00 00 00 00 00  | .~.......~......
000000000006E100 | AB 7E 05 00 00 00 00 00  D1 7E 05 00 00 00 00 00  | .~.......~......
000000000006E110 | EC 7E 05 00 00 00 00 00  FF 7E 05 00 00 00 00 00  | .~.......~......
000000000006E120 | 2D 7F 05 00 00 00 00 00  B5 2F 05 00 00 00 00 00  | -......../......
000000000006E130 | 13 3A 05 00 00 00 00 00  6E 7F 05 00 00 00 00 00  | .:......n.......
000000000006E140 | 89 7F 05 00 00 00 00 00  D7 7F 05 00 00 00 00 00  | ................
000000000006E150 | F1 7F 05 00 00 00 00 00  21 80 05 00 00 00 00 00  | ........!.......
000000000006E160 | 2F 80 05 00 00 00 00 00  3A 80 05 00 00 00 00 00  | /.......:.......
000000000006E170 | F6 2F 05 00 00 00 00 00  44 80 05 00 00 00 00 00  | ./......D.......
000000000006E180 | 56 80 05 00 00 00 00 00  71 80 05 00 00 00 00 00  | V.......q.......
000000000006E190 | 8F 80 05 00 00 00 00 00  A0 80 05 00 00 00 00 00  | ................
000000000006E1A0 | AA 80 05 00 00 00 00 00  CE 80 05 00 00 00 00 00  | ................
000000000006E1B0 | E1 80 05 00 00 00 00 00  F7 80 05 00 00 00 00 00  | ................
000000000006E1C0 | 14 81 05 00 00 00 00 00  2A 81 05 00 00 00 00 00  | ........*.......
000000000006E1D0 | 3C 81 05 00 00 00 00 00  48 81 05 00 00 00 00 00  | <.......H.......
000000000006E1E0 | 68 81 05 00 00 00 00 00  A1 81 05 00 00 00 00 00  | h...............
000000000006E1F0 | B6 81 05 00 00 00 00 00  E2 81 05 00 00 00 00 00  | ................
000000000006E200 | ED 81 05 00 00 00 00 00  04 82 05 00 00 00 00 00  | ................
000000000006E210 | 16 82 05 00 00 00 00 00  28 82 05 00 00 00 00 00  | ........(.......
000000000006E220 | 42 82 05 00 00 00 00 00  4C 82 05 00 00 00 00 00  | B.......L.......
000000000006E230 | 60 82 05 00 00 00 00 00  3B 3A 05 00 00 00 00 00  | `.......;:......
000000000006E240 | 14 30 05 00 00 00 00 00  72 82 05 00 00 00 00 00  | .0......r.......
000000000006E250 | 92 82 05 00 00 00 00 00  A1 82 05 00 00 00 00 00  | ................
000000000006E260 | C9 82 05 00 00 00 00 00  F2 82 05 00 00 00 00 00  | ................
000000000006E270 | 0D 83 05 00 00 00 00 00  67 3A 05 00 00 00 00 00  | ........g:......
000000000006E280 | 1F 83 05 00 00 00 00 00  35 83 05 00 00 00 00 00  | ........5.......
000000000006E290 | 4A 83 05 00 00 00 00 00  5F 83 05 00 00 00 00 00  | J......._.......
000000000006E2A0 | 71 83 05 00 00 00 00 00  7A 83 05 00 00 00 00 00  | q.......z.......
000000000006E2B0 | 30 30 05 00 00 00 00 00  89 83 05 00 00 00 00 00  | 00..............
000000000006E2C0 | 92 83 05 00 00 00 00 00  9C 83 05 00 00 00 00 00  | ................
000000000006E2D0 | AA 83 05 00 00 00 00 00  D8 83 05 00 00 00 00 00  | ................
000000000006E2E0 | E7 83 05 00 00 00 00 00  0C 84 05 00 00 00 00 00  | ................
000000000006E2F0 | 1A 84 05 00 00 00 00 00  29 84 05 00 00 00 00 00  | ........).......
000000000006E300 | 37 84 05 00 00 00 00 00  45 84 05 00 00 00 00 00  | 7.......E.......
000000000006E310 | 5A 84 05 00 00 00 00 00  65 84 05 00 00 00 00 00  | Z.......e.......
000000000006E320 | 84 84 05 00 00 00 00 00  92 84 05 00 00 00 00 00  | ................
000000000006E330 | A5 84 05 00 00 00 00 00  B9 84 05 00 00 00 00 00  | ................
000000000006E340 | CE 84 05 00 00 00 00 00  E6 84 05 00 00 00 00 00  | ................
000000000006E350 | CB 3A 05 00 00 00 00 00  F1 84 05 00 00 00 00 00  | .:..............
000000000006E360 | 02 85 05 00 00 00 00 00  0E 85 05 00 00 00 00 00  | ................
000000000006E370 | 17 85 05 00 00 00 00 00  78 30 05 00 00 00 00 00  | ........x0......
000000000006E380 | 20 85 05 00 00 00 00 00  2F 85 05 00 00 00 00 00  |  ......./.......
000000000006E390 | 41 85 05 00 00 00 00 00  53 85 05 00 00 00 00 00  | A.......S.......
000000000006E3A0 | 70 85 05 00 00 00 00 00  7C 85 05 00 00 00 00 00  | p.......|.......
000000000006E3B0 | 87 85 05 00 00 00 00 00  9A 85 05 00 00 00 00 00  | ................
000000000006E3C0 | B2 85 05 00 00 00 00 00  C4 85 05 00 00 00 00 00  | ................
000000000006E3D0 | E0 85 05 00 00 00 00 00  30 86 05 00 00 00 00 00  | ........0.......
000000000006E3E0 | 04 3B 05 00 00 00 00 00  4B 86 05 00 00 00 00 00  | .;......K.......
000000000006E3F0 | 66 86 05 00 00 00 00 00  7C 86 05 00 00 00 00 00  | f.......|.......
000000000006E400 | 9A 86 05 00 00 00 00 00  A3 86 05 00 00 00 00 00  | ................
000000000006E410 | AC 30 05 00 00 00 00 00  B4 86 05 00 00 00 00 00  | .0..............
000000000006E420 | BF 86 05 00 00 00 00 00  CE 86 05 00 00 00 00 00  | ................
000000000006E430 | D9 86 05 00 00 00 00 00  3A 3B 05 00 00 00 00 00  | ........:;......
000000000006E440 | E3 86 05 00 00 00 00 00  F6 86 05 00 00 00 00 00  | ................
000000000006E450 | FF 86 05 00 00 00 00 00  11 87 05 00 00 00 00 00  | ................
000000000006E460 | 1F 87 05 00 00 00 00 00  2C 87 05 00 00 00 00 00  | ........,.......
000000000006E470 | 3F 87 05 00 00 00 00 00  55 87 05 00 00 00 00 00  | ?.......U.......
000000000006E480 | D1 30 05 00 00 00 00 00  70 87 05 00 00 00 00 00  | .0......p.......
000000000006E490 | 7D 87 05 00 00 00 00 00  9B 87 05 00 00 00 00 00  | }...............
000000000006E4A0 | 63 3B 05 00 00 00 00 00  AC 87 05 00 00 00 00 00  | c;..............
000000000006E4B0 | B8 87 05 00 00 00 00 00  C4 87 05 00 00 00 00 00  | ................
000000000006E4C0 | D0 87 05 00 00 00 00 00  01 88 05 00 00 00 00 00  | ................
000000000006E4D0 | 1C 88 05 00 00 00 00 00  2B 88 05 00 00 00 00 00  | ........+.......
000000000006E4E0 | 47 88 05 00 00 00 00 00  59 88 05 00 00 00 00 00  | G.......Y.......
000000000006E4F0 | F3 30 05 00 00 00 00 00  68 88 05 00 00 00 00 00  | .0......h.......
000000000006E500 | 6D 88 05 00 00 00 00 00  F1 88 05 00 00 00 00 00  | m...............
000000000006E510 | 50 89 05 00 00 00 00 00  9A 89 05 00 00 00 00 00  | P...............
000000000006E520 | 92 3B 05 00 00 00 00 00  AE 89 05 00 00 00 00 00  | .;..............
000000000006E530 | CF 89 05 00 00 00 00 00  D9 89 05 00 00 00 00 00  | ................
000000000006E540 | E3 89 05 00 00 00 00 00  FE 89 05 00 00 00 00 00  | ................
000000000006E550 | 1C 8A 05 00 00 00 00 00  34 8A 05 00 00 00 00 00  | ........4.......
000000000006E560 | 50 8A 05 00 00 00 00 00  77 8A 05 00 00 00 00 00  | P.......w.......
000000000006E570 | A1 8A 05 00 00 00 00 00  BD 8A 05 00 00 00 00 00  | ................
000000000006E580 | E5 8A 05 00 00 00 00 00  18 8B 05 00 00 00 00 00  | ................
000000000006E590 | 4C 8B 05 00 00 00 00 00  66 8B 05 00 00 00 00 00  | L.......f.......
000000000006E5A0 | 85 8B 05 00 00 00 00 00  F0 8B 05 00 00 00 00 00  | ................
000000000006E5B0 | 84 8C 05 00 00 00 00 00  91 8C 05 00 00 00 00 00  | ................
000000000006E5C0 | 9B 8C 05 00 00 00 00 00  2B 31 05 00 00 00 00 00  | ........+1......
000000000006E5D0 | B8 8C 05 00 00 00 00 00  CA 8C 05 00 00 00 00 00  | ................
000000000006E5E0 | 01 8D 05 00 00 00 00 00  18 8D 05 00 00 00 00 00  | ................
000000000006E5F0 | 47 8D 05 00 00 00 00 00  62 8D 05 00 00 00 00 00  | G.......b.......
000000000006E600 | BB 3B 05 00 00 00 00 00  7B 8D 05 00 00 00 00 00  | .;......{.......
000000000006E610 | 88 8D 05 00 00 00 00 00  8E 8D 05 00 00 00 00 00  | ................
000000000006E620 | 9D 8D 05 00 00 00 00 00  B9 8D 05 00 00 00 00 00  | ................
000000000006E630 | DA 8D 05 00 00 00 00 00  E4 8D 05 00 00 00 00 00  | ................
000000000006E640 | FC 8D 05 00 00 00 00 00  22 8E 05 00 00 00 00 00  | ........".......
000000000006E650 | 41 8E 05 00 00 00 00 00  51 8E 05 00 00 00 00 00  | A.......Q.......
000000000006E660 | 8C 8E 05 00 00 00 00 00  B2 8E 05 00 00 00 00 00  | ................
000000000006E670 | 63 31 05 00 00 00 00 00  DD 8E 05 00 00 00 00 00  | c1..............
000000000006E680 | F6 8E 05 00 00 00 00 00  27 8F 05 00 00 00 00 00  | ........'.......
000000000006E690 | E0 3B 05 00 00 00 00 00  5B 8F 05 00 00 00 00 00  | .;......[.......
000000000006E6A0 | 86 8F 05 00 00 00 00 00  A2 8F 05 00 00 00 00 00  | ................
000000000006E6B0 | B6 8F 05 00 00 00 00 00  DF 8F 05 00 00 00 00 00  | ................
000000000006E6C0 | F1 8F 05 00 00 00 00 00  03 90 05 00 00 00 00 00  | ................
000000000006E6D0 | 19 90 05 00 00 00 00 00  20 90 05 00 00 00 00 00  | ........ .......
000000000006E6E0 | 32 90 05 00 00 00 00 00  46 90 05 00 00 00 00 00  | 2.......F.......
000000000006E6F0 | 58 90 05 00 00 00 00 00  6C 90 05 00 00 00 00 00  | X.......l.......
000000000006E700 | 80 90 05 00 00 00 00 00  8A 90 05 00 00 00 00 00  | ................
000000000006E710 | 9C 90 05 00 00 00 00 00  AF 90 05 00 00 00 00 00  | ................
000000000006E720 | E5 90 05 00 00 00 00 00  29 91 05 00 00 00 00 00  | ........).......
000000000006E730 | B1 91 05 00 00 00 00 00  C9 91 05 00 00 00 00 00  | ................
000000000006E740 | D7 91 05 00 00 00 00 00  25 92 05 00 00 00 00 00  | ........%.......
000000000006E750 | 38 92 05 00 00 00 00 00  3D 92 05 00 00 00 00 00  | 8.......=.......
000000000006E760 | 42 92 05 00 00 00 00 00  58 92 05 00 00 00 00 00  | B.......X.......
000000000006E770 | 6F 92 05 00 00 00 00 00  84 92 05 00 00 00 00 00  | o...............
000000000006E780 | 9E 92 05 00 00 00 00 00  E2 92 05 00 00 00 00 00  | ................
000000000006E790 | F3 92 05 00 00 00 00 00  12 93 05 00 00 00 00 00  | ................
000000000006E7A0 | 3C 93 05 00 00 00 00 00  4B 93 05 00 00 00 00 00  | <.......K.......
000000000006E7B0 | 5D 93 05 00 00 00 00 00  91 93 05 00 00 00 00 00  | ]...............
000000000006E7C0 | B0 93 05 00 00 00 00 00  E4 93 05 00 00 00 00 00  | ................
000000000006E7D0 | F6 93 05 00 00 00 00 00  12 94 05 00 00 00 00 00  | ................
000000000006E7E0 | 27 94 05 00 00 00 00 00  38 94 05 00 00 00 00 00  | '.......8.......
000000000006E7F0 | 4D 94 05 00 00 00 00 00  72 94 05 00 00 00 00 00  | M.......r.......
000000000006E800 | 83 94 05 00 00 00 00 00  AA 31 05 00 00 00 00 00  | .........1......
000000000006E810 | 24 3C 05 00 00 00 00 00  97 94 05 00 00 00 00 00  | $<..............
000000000006E820 | C0 94 05 00 00 00 00 00  C9 94 05 00 00 00 00 00  | ................
000000000006E830 | E5 94 05 00 00 00 00 00  03 95 05 00 00 00 00 00  | ................
000000000006E840 | 1E 95 05 00 00 00 00 00  2B 95 05 00 00 00 00 00  | ........+.......
000000000006E850 | 38 95 05 00 00 00 00 00  61 95 05 00 00 00 00 00  | 8.......a.......
000000000006E860 | 76 95 05 00 00 00 00 00  8E 95 05 00 00 00 00 00  | v...............
000000000006E870 | A1 95 05 00 00 00 00 00  B3 95 05 00 00 00 00 00  | ................
000000000006E880 | D5 95 05 00 00 00 00 00  E0 95 05 00 00 00 00 00  | ................
000000000006E890 | F7 95 05 00 00 00 00 00  06 96 05 00 00 00 00 00  | ................
000000000006E8A0 | 1B 96 05 00 00 00 00 00  22 96 05 00 00 00 00 00  | ........".......
000000000006E8B0 | 4A 96 05 00 00 00 00 00  79 96 05 00 00 00 00 00  | J.......y.......
000000000006E8C0 | 9E 96 05 00 00 00 00 00  AA 96 05 00 00 00 00 00  | ................
000000000006E8D0 | B5 96 05 00 00 00 00 00  C6 96 05 00 00 00 00 00  | ................
000000000006E8E0 | CD 31 05 00 00 00 00 00  25 97 05 00 00 00 00 00  | .1......%.......
000000000006E8F0 | 42 97 05 00 00 00 00 00  5A 97 05 00 00 00 00 00  | B.......Z.......
000000000006E900 | 46 3C 05 00 00 00 00 00  09 32 05 00 00 00 00 00  | F<.......2......
000000000006E910 | 81 97 05 00 00 00 00 00                           | ........
