# Memory dump: 0x64658 - 0x64770
# Segment: __objc_classlist
#============================================================================

# Address        | Hex Bytes                                       | ASCII
#----------------------------------------------------------------------------
0000000000064658 | B0 F0 06 00 00 00 00 00  D8 F0 06 00 00 00 00 00  | ................
0000000000064668 | 50 F1 06 00 00 00 00 00  78 F1 06 00 00 00 00 00  | P.......x.......
0000000000064678 | F0 F1 06 00 00 00 00 00  18 F2 06 00 00 00 00 00  | ................
0000000000064688 | 68 F2 06 00 00 00 00 00  B8 F2 06 00 00 00 00 00  | h...............
0000000000064698 | 08 F3 06 00 00 00 00 00  78 F6 06 00 00 00 00 00  | ........x.......
00000000000646A8 | 90 F7 06 00 00 00 00 00  E0 F7 06 00 00 00 00 00  | ................
00000000000646B8 | 30 F8 06 00 00 00 00 00  80 F8 06 00 00 00 00 00  | 0...............
00000000000646C8 | D0 F8 06 00 00 00 00 00  20 F9 06 00 00 00 00 00  | ........ .......
00000000000646D8 | 70 F9 06 00 00 00 00 00  98 F9 06 00 00 00 00 00  | p...............
00000000000646E8 | C0 F9 06 00 00 00 00 00  D8 FB 06 00 00 00 00 00  | ................
00000000000646F8 | 48 01 07 00 00 00 00 00  98 01 07 00 00 00 00 00  | H...............
0000000000064708 | E8 01 07 00 00 00 00 00  38 02 07 00 00 00 00 00  | ........8.......
0000000000064718 | 88 02 07 00 00 00 00 00  D8 02 07 00 00 00 00 00  | ................
0000000000064728 | 28 03 07 00 00 00 00 00  78 03 07 00 00 00 00 00  | (.......x.......
0000000000064738 | C8 03 07 00 00 00 00 00  18 04 07 00 00 00 00 00  | ................
0000000000064748 | 68 04 07 00 00 00 00 00  B8 04 07 00 00 00 00 00  | h...............
0000000000064758 | 30 08 07 00 00 00 00 00  80 08 07 00 00 00 00 00  | 0...............
0000000000064768 | D0 08 07 00 00 00 00 00                           | ........
