# Memory dump: 0x601a0 - 0x60990
# Segment: __la_symbol_ptr
#============================================================================

# Address        | Hex Bytes                                       | ASCII
#----------------------------------------------------------------------------
00000000000601A0 | A8 9D 07 00 00 00 00 00  B0 9D 07 00 00 00 00 00  | ................
00000000000601B0 | 60 A1 07 00 00 00 00 00  68 A1 07 00 00 00 00 00  | `.......h.......
00000000000601C0 | 88 9A 07 00 00 00 00 00  90 9A 07 00 00 00 00 00  | ................
00000000000601D0 | 98 9A 07 00 00 00 00 00  A0 9A 07 00 00 00 00 00  | ................
00000000000601E0 | A8 9A 07 00 00 00 00 00  B0 9A 07 00 00 00 00 00  | ................
00000000000601F0 | B8 9A 07 00 00 00 00 00  C0 9A 07 00 00 00 00 00  | ................
0000000000060200 | C8 9A 07 00 00 00 00 00  70 A1 07 00 00 00 00 00  | ........p.......
0000000000060210 | D0 9A 07 00 00 00 00 00  D8 9A 07 00 00 00 00 00  | ................
0000000000060220 | E0 9A 07 00 00 00 00 00  E8 9A 07 00 00 00 00 00  | ................
0000000000060230 | F0 9A 07 00 00 00 00 00  F8 9A 07 00 00 00 00 00  | ................
0000000000060240 | 00 9B 07 00 00 00 00 00  08 9B 07 00 00 00 00 00  | ................
0000000000060250 | 10 9B 07 00 00 00 00 00  18 9B 07 00 00 00 00 00  | ................
0000000000060260 | 20 9B 07 00 00 00 00 00  78 A1 07 00 00 00 00 00  |  .......x.......
0000000000060270 | 80 A1 07 00 00 00 00 00  88 A1 07 00 00 00 00 00  | ................
0000000000060280 | 90 A1 07 00 00 00 00 00  98 A1 07 00 00 00 00 00  | ................
0000000000060290 | A0 A1 07 00 00 00 00 00  A8 A1 07 00 00 00 00 00  | ................
00000000000602A0 | B0 A1 07 00 00 00 00 00  B8 A1 07 00 00 00 00 00  | ................
00000000000602B0 | C0 A1 07 00 00 00 00 00  C8 A1 07 00 00 00 00 00  | ................
00000000000602C0 | D0 A1 07 00 00 00 00 00  D8 A1 07 00 00 00 00 00  | ................
00000000000602D0 | E0 A1 07 00 00 00 00 00  E8 A1 07 00 00 00 00 00  | ................
00000000000602E0 | F0 A1 07 00 00 00 00 00  F8 A1 07 00 00 00 00 00  | ................
00000000000602F0 | 00 A2 07 00 00 00 00 00  08 A2 07 00 00 00 00 00  | ................
0000000000060300 | 10 A2 07 00 00 00 00 00  18 A2 07 00 00 00 00 00  | ................
0000000000060310 | 20 A2 07 00 00 00 00 00  28 A2 07 00 00 00 00 00  |  .......(.......
0000000000060320 | 30 A2 07 00 00 00 00 00  38 A2 07 00 00 00 00 00  | 0.......8.......
0000000000060330 | 40 A2 07 00 00 00 00 00  48 A2 07 00 00 00 00 00  | @.......H.......
0000000000060340 | 50 A2 07 00 00 00 00 00  58 A2 07 00 00 00 00 00  | P.......X.......
0000000000060350 | 60 A2 07 00 00 00 00 00  68 A2 07 00 00 00 00 00  | `.......h.......
0000000000060360 | 70 A2 07 00 00 00 00 00  78 A2 07 00 00 00 00 00  | p.......x.......
0000000000060370 | 80 A2 07 00 00 00 00 00  88 A2 07 00 00 00 00 00  | ................
0000000000060380 | 90 A2 07 00 00 00 00 00  98 A2 07 00 00 00 00 00  | ................
0000000000060390 | A0 A2 07 00 00 00 00 00  A8 A2 07 00 00 00 00 00  | ................
00000000000603A0 | B0 A2 07 00 00 00 00 00  B8 A2 07 00 00 00 00 00  | ................
00000000000603B0 | C0 A2 07 00 00 00 00 00  C8 A2 07 00 00 00 00 00  | ................
00000000000603C0 | D8 97 07 00 00 00 00 00  E0 97 07 00 00 00 00 00  | ................
00000000000603D0 | E8 97 07 00 00 00 00 00  F0 97 07 00 00 00 00 00  | ................
00000000000603E0 | F8 97 07 00 00 00 00 00  00 98 07 00 00 00 00 00  | ................
00000000000603F0 | 08 98 07 00 00 00 00 00  10 98 07 00 00 00 00 00  | ................
0000000000060400 | 18 98 07 00 00 00 00 00  20 98 07 00 00 00 00 00  | ........ .......
0000000000060410 | 28 98 07 00 00 00 00 00  30 98 07 00 00 00 00 00  | (.......0.......
0000000000060420 | 38 98 07 00 00 00 00 00  40 98 07 00 00 00 00 00  | 8.......@.......
0000000000060430 | 48 98 07 00 00 00 00 00  50 98 07 00 00 00 00 00  | H.......P.......
0000000000060440 | 58 98 07 00 00 00 00 00  60 98 07 00 00 00 00 00  | X.......`.......
0000000000060450 | 68 98 07 00 00 00 00 00  70 98 07 00 00 00 00 00  | h.......p.......
0000000000060460 | 78 98 07 00 00 00 00 00  80 98 07 00 00 00 00 00  | x...............
0000000000060470 | 88 98 07 00 00 00 00 00  90 98 07 00 00 00 00 00  | ................
0000000000060480 | 98 98 07 00 00 00 00 00  A0 98 07 00 00 00 00 00  | ................
0000000000060490 | B8 9D 07 00 00 00 00 00  C0 9D 07 00 00 00 00 00  | ................
00000000000604A0 | C8 9D 07 00 00 00 00 00  D0 9D 07 00 00 00 00 00  | ................
00000000000604B0 | 18 9C 07 00 00 00 00 00  00 9C 07 00 00 00 00 00  | ................
00000000000604C0 | 08 9C 07 00 00 00 00 00  10 9C 07 00 00 00 00 00  | ................
00000000000604D0 | 88 99 07 00 00 00 00 00  90 99 07 00 00 00 00 00  | ................
00000000000604E0 | 98 99 07 00 00 00 00 00  A0 99 07 00 00 00 00 00  | ................
00000000000604F0 | A8 99 07 00 00 00 00 00  B0 99 07 00 00 00 00 00  | ................
0000000000060500 | B8 99 07 00 00 00 00 00  C0 99 07 00 00 00 00 00  | ................
0000000000060510 | C8 99 07 00 00 00 00 00  D0 99 07 00 00 00 00 00  | ................
0000000000060520 | D8 99 07 00 00 00 00 00  E0 99 07 00 00 00 00 00  | ................
0000000000060530 | E8 99 07 00 00 00 00 00  F0 99 07 00 00 00 00 00  | ................
0000000000060540 | F8 99 07 00 00 00 00 00  00 9A 07 00 00 00 00 00  | ................
0000000000060550 | 08 9A 07 00 00 00 00 00  40 99 07 00 00 00 00 00  | ........@.......
0000000000060560 | 48 99 07 00 00 00 00 00  50 99 07 00 00 00 00 00  | H.......P.......
0000000000060570 | B8 97 07 00 00 00 00 00  C0 97 07 00 00 00 00 00  | ................
0000000000060580 | D8 9D 07 00 00 00 00 00  E0 9D 07 00 00 00 00 00  | ................
0000000000060590 | 30 9B 07 00 00 00 00 00  38 9B 07 00 00 00 00 00  | 0.......8.......
00000000000605A0 | E8 9D 07 00 00 00 00 00  F0 9D 07 00 00 00 00 00  | ................
00000000000605B0 | F8 9D 07 00 00 00 00 00  00 9E 07 00 00 00 00 00  | ................
00000000000605C0 | 08 9E 07 00 00 00 00 00  10 9E 07 00 00 00 00 00  | ................
00000000000605D0 | 18 9E 07 00 00 00 00 00  20 9E 07 00 00 00 00 00  | ........ .......
00000000000605E0 | 28 9E 07 00 00 00 00 00  40 9C 07 00 00 00 00 00  | (.......@.......
00000000000605F0 | 48 9C 07 00 00 00 00 00  50 9C 07 00 00 00 00 00  | H.......P.......
0000000000060600 | 30 9E 07 00 00 00 00 00  38 9E 07 00 00 00 00 00  | 0.......8.......
0000000000060610 | 58 99 07 00 00 00 00 00  60 99 07 00 00 00 00 00  | X.......`.......
0000000000060620 | 68 99 07 00 00 00 00 00  40 9E 07 00 00 00 00 00  | h.......@.......
0000000000060630 | 48 9E 07 00 00 00 00 00  50 9E 07 00 00 00 00 00  | H.......P.......
0000000000060640 | 58 9E 07 00 00 00 00 00  60 9E 07 00 00 00 00 00  | X.......`.......
0000000000060650 | 68 9E 07 00 00 00 00 00  70 9E 07 00 00 00 00 00  | h.......p.......
0000000000060660 | 78 9E 07 00 00 00 00 00  80 9E 07 00 00 00 00 00  | x...............
0000000000060670 | 88 9E 07 00 00 00 00 00  90 9E 07 00 00 00 00 00  | ................
0000000000060680 | 98 9E 07 00 00 00 00 00  A0 9E 07 00 00 00 00 00  | ................
0000000000060690 | A8 9E 07 00 00 00 00 00  B0 9E 07 00 00 00 00 00  | ................
00000000000606A0 | B8 9E 07 00 00 00 00 00  C0 9E 07 00 00 00 00 00  | ................
00000000000606B0 | C8 9E 07 00 00 00 00 00  D0 9E 07 00 00 00 00 00  | ................
00000000000606C0 | D8 9E 07 00 00 00 00 00  E0 9E 07 00 00 00 00 00  | ................
00000000000606D0 | E8 9E 07 00 00 00 00 00  F0 9E 07 00 00 00 00 00  | ................
00000000000606E0 | F8 9E 07 00 00 00 00 00  00 9F 07 00 00 00 00 00  | ................
00000000000606F0 | 08 9F 07 00 00 00 00 00  10 9F 07 00 00 00 00 00  | ................
0000000000060700 | 18 9F 07 00 00 00 00 00  20 9F 07 00 00 00 00 00  | ........ .......
0000000000060710 | 28 9F 07 00 00 00 00 00  30 9F 07 00 00 00 00 00  | (.......0.......
0000000000060720 | 38 9F 07 00 00 00 00 00  40 9F 07 00 00 00 00 00  | 8.......@.......
0000000000060730 | 48 9F 07 00 00 00 00 00  50 9F 07 00 00 00 00 00  | H.......P.......
0000000000060740 | 58 9F 07 00 00 00 00 00  60 9F 07 00 00 00 00 00  | X.......`.......
0000000000060750 | 68 9F 07 00 00 00 00 00  70 9F 07 00 00 00 00 00  | h.......p.......
0000000000060760 | 78 9F 07 00 00 00 00 00  80 9F 07 00 00 00 00 00  | x...............
0000000000060770 | 88 9F 07 00 00 00 00 00  90 9F 07 00 00 00 00 00  | ................
0000000000060780 | 98 9F 07 00 00 00 00 00  A0 9F 07 00 00 00 00 00  | ................
0000000000060790 | A8 9F 07 00 00 00 00 00  B0 9F 07 00 00 00 00 00  | ................
00000000000607A0 | B8 9F 07 00 00 00 00 00  C0 9F 07 00 00 00 00 00  | ................
00000000000607B0 | C8 9F 07 00 00 00 00 00  70 99 07 00 00 00 00 00  | ........p.......
00000000000607C0 | 78 99 07 00 00 00 00 00  80 99 07 00 00 00 00 00  | x...............
00000000000607D0 | D0 9F 07 00 00 00 00 00  58 9C 07 00 00 00 00 00  | ........X.......
00000000000607E0 | D8 9F 07 00 00 00 00 00  E0 9F 07 00 00 00 00 00  | ................
00000000000607F0 | E8 9F 07 00 00 00 00 00  F0 9F 07 00 00 00 00 00  | ................
0000000000060800 | F8 9F 07 00 00 00 00 00  00 A0 07 00 00 00 00 00  | ................
0000000000060810 | 08 A0 07 00 00 00 00 00  60 9C 07 00 00 00 00 00  | ........`.......
0000000000060820 | 68 9C 07 00 00 00 00 00  70 9C 07 00 00 00 00 00  | h.......p.......
0000000000060830 | 78 9C 07 00 00 00 00 00  80 9C 07 00 00 00 00 00  | x...............
0000000000060840 | 88 9C 07 00 00 00 00 00  90 9C 07 00 00 00 00 00  | ................
0000000000060850 | 98 9C 07 00 00 00 00 00  A0 9C 07 00 00 00 00 00  | ................
0000000000060860 | A8 9C 07 00 00 00 00 00  B0 9C 07 00 00 00 00 00  | ................
0000000000060870 | B8 9C 07 00 00 00 00 00  C0 9C 07 00 00 00 00 00  | ................
0000000000060880 | C8 9C 07 00 00 00 00 00  D0 9C 07 00 00 00 00 00  | ................
0000000000060890 | D8 9C 07 00 00 00 00 00  E0 9C 07 00 00 00 00 00  | ................
00000000000608A0 | E8 9C 07 00 00 00 00 00  F0 9C 07 00 00 00 00 00  | ................
00000000000608B0 | F8 9C 07 00 00 00 00 00  00 9D 07 00 00 00 00 00  | ................
00000000000608C0 | 08 9D 07 00 00 00 00 00  10 9D 07 00 00 00 00 00  | ................
00000000000608D0 | 18 9D 07 00 00 00 00 00  20 9D 07 00 00 00 00 00  | ........ .......
00000000000608E0 | 28 9D 07 00 00 00 00 00  30 9D 07 00 00 00 00 00  | (.......0.......
00000000000608F0 | 38 9D 07 00 00 00 00 00  40 9D 07 00 00 00 00 00  | 8.......@.......
0000000000060900 | 10 A0 07 00 00 00 00 00  18 A0 07 00 00 00 00 00  | ................
0000000000060910 | 20 A0 07 00 00 00 00 00  28 A0 07 00 00 00 00 00  |  .......(.......
0000000000060920 | 30 A0 07 00 00 00 00 00  38 A0 07 00 00 00 00 00  | 0.......8.......
0000000000060930 | 40 A0 07 00 00 00 00 00  48 A0 07 00 00 00 00 00  | @.......H.......
0000000000060940 | 50 A0 07 00 00 00 00 00  58 A0 07 00 00 00 00 00  | P.......X.......
0000000000060950 | 60 A0 07 00 00 00 00 00  68 A0 07 00 00 00 00 00  | `.......h.......
0000000000060960 | 70 A0 07 00 00 00 00 00  78 A0 07 00 00 00 00 00  | p.......x.......
0000000000060970 | 80 A0 07 00 00 00 00 00  88 A0 07 00 00 00 00 00  | ................
0000000000060980 | 90 A0 07 00 00 00 00 00  98 A0 07 00 00 00 00 00  | ................
