# Memory dump: 0x0 - 0x1a5c
# Segment: HEADER
#============================================================================

# Address        | Hex Bytes                                       | ASCII
#----------------------------------------------------------------------------
0000000000000000 | CF FA ED FE 0C 00 00 01  00 00 00 00 06 00 00 00  | ................
0000000000000010 | 10 00 00 00 D0 04 00 00  85 00 10 00 00 00 00 00  | ................
0000000000000020 | 19 00 00 00 88 01 00 00  5F 5F 54 45 58 54 00 00  | ........__TEXT..
0000000000000030 | 00 00 00 00 00 00 00 00  00 00 00 00 00 00 00 00  | ................
0000000000000040 | 00 00 02 00 00 00 00 00  00 00 00 00 00 00 00 00  | ................
0000000000000050 | 00 00 02 00 00 00 00 00  05 00 00 00 05 00 00 00  | ................
0000000000000060 | 04 00 00 00 00 00 00 00  5F 5F 74 65 78 74 00 00  | ........__text..
0000000000000070 | 00 00 00 00 00 00 00 00  5F 5F 54 45 58 54 00 00  | ........__TEXT..
0000000000000080 | 00 00 00 00 00 00 00 00  5C 1A 00 00 00 00 00 00  | ........\.......
0000000000000090 | 54 A7 01 00 00 00 00 00  5C 1A 00 00 02 00 00 00  | T.......\.......
00000000000000A0 | 00 00 00 00 00 00 00 00  00 04 00 80 00 00 00 00  | ................
00000000000000B0 | 00 00 00 00 00 00 00 00  5F 5F 63 6F 6E 73 74 00  | ........__const.
00000000000000C0 | 00 00 00 00 00 00 00 00  5F 5F 54 45 58 54 00 00  | ........__TEXT..
00000000000000D0 | 00 00 00 00 00 00 00 00  B0 C1 01 00 00 00 00 00  | ................
00000000000000E0 | C8 00 00 00 00 00 00 00  B0 C1 01 00 03 00 00 00  | ................
00000000000000F0 | 00 00 00 00 00 00 00 00  00 00 00 00 00 00 00 00  | ................
0000000000000100 | 00 00 00 00 00 00 00 00  5F 5F 63 73 74 72 69 6E  | ........__cstrin
0000000000000110 | 67 00 00 00 00 00 00 00  5F 5F 54 45 58 54 00 00  | g.......__TEXT..
0000000000000120 | 00 00 00 00 00 00 00 00  78 C2 01 00 00 00 00 00  | ........x.......
0000000000000130 | 3E 3D 00 00 00 00 00 00  78 C2 01 00 00 00 00 00  | >=......x.......
0000000000000140 | 00 00 00 00 00 00 00 00  02 00 00 00 00 00 00 00  | ................
0000000000000150 | 00 00 00 00 00 00 00 00  5F 5F 75 6E 77 69 6E 64  | ........__unwind
0000000000000160 | 5F 69 6E 66 6F 00 00 00  5F 5F 54 45 58 54 00 00  | _info...__TEXT..
0000000000000170 | 00 00 00 00 00 00 00 00  B6 FF 01 00 00 00 00 00  | ................
0000000000000180 | 48 00 00 00 00 00 00 00  B6 FF 01 00 00 00 00 00  | H...............
0000000000000190 | 00 00 00 00 00 00 00 00  00 00 00 00 00 00 00 00  | ................
00000000000001A0 | 00 00 00 00 00 00 00 00  19 00 00 00 88 01 00 00  | ................
00000000000001B0 | 5F 5F 44 41 54 41 00 00  00 00 00 00 00 00 00 00  | __DATA..........
00000000000001C0 | 00 00 02 00 00 00 00 00  00 40 00 00 00 00 00 00  | .........@......
00000000000001D0 | 00 00 02 00 00 00 00 00  00 40 00 00 00 00 00 00  | .........@......
00000000000001E0 | 03 00 00 00 03 00 00 00  04 00 00 00 00 00 00 00  | ................
00000000000001F0 | 5F 5F 63 6F 6E 73 74 00  00 00 00 00 00 00 00 00  | __const.........
0000000000000200 | 5F 5F 44 41 54 41 00 00  00 00 00 00 00 00 00 00  | __DATA..........
0000000000000210 | 00 00 02 00 00 00 00 00  B8 1E 00 00 00 00 00 00  | ................
0000000000000220 | 00 00 02 00 03 00 00 00  00 00 00 00 00 00 00 00  | ................
0000000000000230 | 00 00 00 00 00 00 00 00  00 00 00 00 00 00 00 00  | ................
0000000000000240 | 5F 5F 64 61 74 61 00 00  00 00 00 00 00 00 00 00  | __data..........
0000000000000250 | 5F 5F 44 41 54 41 00 00  00 00 00 00 00 00 00 00  | __DATA..........
0000000000000260 | 00 20 02 00 00 00 00 00  6C 00 00 00 00 00 00 00  | . ......l.......
0000000000000270 | 00 20 02 00 0C 00 00 00  00 00 00 00 00 00 00 00  | . ..............
0000000000000280 | 00 00 00 00 00 00 00 00  00 00 00 00 00 00 00 00  | ................
0000000000000290 | 5F 5F 63 6F 6D 6D 6F 6E  00 00 00 00 00 00 00 00  | __common........
00000000000002A0 | 5F 5F 44 41 54 41 00 00  00 00 00 00 00 00 00 00  | __DATA..........
00000000000002B0 | 70 20 02 00 00 00 00 00  88 06 00 00 00 00 00 00  | p ..............
00000000000002C0 | 00 00 00 00 03 00 00 00  00 00 00 00 00 00 00 00  | ................
00000000000002D0 | 01 00 00 00 00 00 00 00  00 00 00 00 00 00 00 00  | ................
00000000000002E0 | 5F 5F 62 73 73 00 00 00  00 00 00 00 00 00 00 00  | __bss...........
00000000000002F0 | 5F 5F 44 41 54 41 00 00  00 00 00 00 00 00 00 00  | __DATA..........
0000000000000300 | F8 26 02 00 00 00 00 00  14 00 00 00 00 00 00 00  | .&..............
0000000000000310 | 00 00 00 00 03 00 00 00  00 00 00 00 00 00 00 00  | ................
0000000000000320 | 01 00 00 00 00 00 00 00  00 00 00 00 00 00 00 00  | ................
0000000000000330 | 19 00 00 00 48 00 00 00  5F 5F 4C 49 4E 4B 45 44  | ....H...__LINKED
0000000000000340 | 49 54 00 00 00 00 00 00  00 40 02 00 00 00 00 00  | IT.......@......
0000000000000350 | 00 00 02 00 00 00 00 00  00 40 02 00 00 00 00 00  | .........@......
0000000000000360 | 80 D6 01 00 00 00 00 00  01 00 00 00 01 00 00 00  | ................
0000000000000370 | 00 00 00 00 00 00 00 00  0D 00 00 00 40 00 00 00  | ............@...
0000000000000380 | 18 00 00 00 01 00 00 00  43 0A 77 09 00 00 01 00  | ........C.w.....
0000000000000390 | 40 65 78 65 63 75 74 61  62 6C 65 5F 70 61 74 68  | @executable_path
00000000000003A0 | 2F 6C 69 62 64 79 6C 69  62 34 2E 64 79 6C 69 62  | /libdylib4.dylib
00000000000003B0 | 00 00 00 00 00 00 00 00  22 00 00 80 30 00 00 00  | ........"...0...
00000000000003C0 | 00 40 02 00 98 00 00 00  00 00 00 00 00 00 00 00  | .@..............
00000000000003D0 | 00 00 00 00 00 00 00 00  00 00 00 00 00 00 00 00  | ................
00000000000003E0 | 98 40 02 00 30 45 00 00  02 00 00 00 18 00 00 00  | .@..0E..........
00000000000003F0 | 00 8C 02 00 68 0D 00 00  80 62 03 00 D4 A4 00 00  | ....h....b......
0000000000000400 | 0B 00 00 00 50 00 00 00  00 00 00 00 CA 09 00 00  | ....P...........
0000000000000410 | CA 09 00 00 9E 03 00 00  68 0D 00 00 00 00 00 00  | ........h.......
0000000000000420 | 00 00 00 00 00 00 00 00  00 00 00 00 00 00 00 00  | ................
0000000000000430 | 00 00 00 00 00 00 00 00  00 00 00 00 00 00 00 00  | ................
0000000000000440 | 00 00 00 00 00 00 00 00  00 00 00 00 00 00 00 00  | ................
0000000000000450 | 1B 00 00 00 18 00 00 00  33 7A 5A 43 E3 D1 36 93  | ........3zZC..6.
0000000000000460 | A5 03 A5 8E 12 EE A8 A5  25 00 00 00 10 00 00 00  | ........%.......
0000000000000470 | 00 01 07 00 00 01 07 00  2A 00 00 00 10 00 00 00  | ........*.......
0000000000000480 | 00 00 30 84 02 77 09 00  1E 00 00 00 10 00 00 00  | ..0..w..........
0000000000000490 | C8 85 02 00 C0 01 00 00  12 00 00 00 18 00 00 00  | ................
00000000000004A0 | 0C 00 00 00 53 79 73 74  65 6D 00 00 00 00 00 00  | ....System......
00000000000004B0 | 26 00 00 00 10 00 00 00  88 87 02 00 68 04 00 00  | &...........h...
00000000000004C0 | 29 00 00 00 10 00 00 00  F0 8B 02 00 00 00 00 00  | )...............
00000000000004D0 | 2B 00 00 00 10 00 00 00  F0 8B 02 00 10 00 00 00  | +...............
00000000000004E0 | 1D 00 00 00 10 00 00 00  60 07 04 00 20 0F 00 00  | ........`... ...
00000000000004F0 | 00 00 00 00 00 00 00 00  00 00 00 00 00 00 00 00  | ................
0000000000000500 | 00 00 00 00 00 00 00 00  00 00 00 00 00 00 00 00  | ................
0000000000000510 | 00 00 00 00 00 00 00 00  00 00 00 00 00 00 00 00  | ................
0000000000000520 | 00 00 00 00 00 00 00 00  00 00 00 00 00 00 00 00  | ................
0000000000000530 | 00 00 00 00 00 00 00 00  00 00 00 00 00 00 00 00  | ................
0000000000000540 | 00 00 00 00 00 00 00 00  00 00 00 00 00 00 00 00  | ................
0000000000000550 | 00 00 00 00 00 00 00 00  00 00 00 00 00 00 00 00  | ................
0000000000000560 | 00 00 00 00 00 00 00 00  00 00 00 00 00 00 00 00  | ................
0000000000000570 | 00 00 00 00 00 00 00 00  00 00 00 00 00 00 00 00  | ................
0000000000000580 | 00 00 00 00 00 00 00 00  00 00 00 00 00 00 00 00  | ................
0000000000000590 | 00 00 00 00 00 00 00 00  00 00 00 00 00 00 00 00  | ................
00000000000005A0 | 00 00 00 00 00 00 00 00  00 00 00 00 00 00 00 00  | ................
00000000000005B0 | 00 00 00 00 00 00 00 00  00 00 00 00 00 00 00 00  | ................
00000000000005C0 | 00 00 00 00 00 00 00 00  00 00 00 00 00 00 00 00  | ................
00000000000005D0 | 00 00 00 00 00 00 00 00  00 00 00 00 00 00 00 00  | ................
00000000000005E0 | 00 00 00 00 00 00 00 00  00 00 00 00 00 00 00 00  | ................
00000000000005F0 | 00 00 00 00 00 00 00 00  00 00 00 00 00 00 00 00  | ................
0000000000000600 | 00 00 00 00 00 00 00 00  00 00 00 00 00 00 00 00  | ................
0000000000000610 | 00 00 00 00 00 00 00 00  00 00 00 00 00 00 00 00  | ................
0000000000000620 | 00 00 00 00 00 00 00 00  00 00 00 00 00 00 00 00  | ................
0000000000000630 | 00 00 00 00 00 00 00 00  00 00 00 00 00 00 00 00  | ................
0000000000000640 | 00 00 00 00 00 00 00 00  00 00 00 00 00 00 00 00  | ................
0000000000000650 | 00 00 00 00 00 00 00 00  00 00 00 00 00 00 00 00  | ................
0000000000000660 | 00 00 00 00 00 00 00 00  00 00 00 00 00 00 00 00  | ................
0000000000000670 | 00 00 00 00 00 00 00 00  00 00 00 00 00 00 00 00  | ................
0000000000000680 | 00 00 00 00 00 00 00 00  00 00 00 00 00 00 00 00  | ................
0000000000000690 | 00 00 00 00 00 00 00 00  00 00 00 00 00 00 00 00  | ................
00000000000006A0 | 00 00 00 00 00 00 00 00  00 00 00 00 00 00 00 00  | ................
00000000000006B0 | 00 00 00 00 00 00 00 00  00 00 00 00 00 00 00 00  | ................
00000000000006C0 | 00 00 00 00 00 00 00 00  00 00 00 00 00 00 00 00  | ................
00000000000006D0 | 00 00 00 00 00 00 00 00  00 00 00 00 00 00 00 00  | ................
00000000000006E0 | 00 00 00 00 00 00 00 00  00 00 00 00 00 00 00 00  | ................
00000000000006F0 | 00 00 00 00 00 00 00 00  00 00 00 00 00 00 00 00  | ................
0000000000000700 | 00 00 00 00 00 00 00 00  00 00 00 00 00 00 00 00  | ................
0000000000000710 | 00 00 00 00 00 00 00 00  00 00 00 00 00 00 00 00  | ................
0000000000000720 | 00 00 00 00 00 00 00 00  00 00 00 00 00 00 00 00  | ................
0000000000000730 | 00 00 00 00 00 00 00 00  00 00 00 00 00 00 00 00  | ................
0000000000000740 | 00 00 00 00 00 00 00 00  00 00 00 00 00 00 00 00  | ................
0000000000000750 | 00 00 00 00 00 00 00 00  00 00 00 00 00 00 00 00  | ................
0000000000000760 | 00 00 00 00 00 00 00 00  00 00 00 00 00 00 00 00  | ................
0000000000000770 | 00 00 00 00 00 00 00 00  00 00 00 00 00 00 00 00  | ................
0000000000000780 | 00 00 00 00 00 00 00 00  00 00 00 00 00 00 00 00  | ................
0000000000000790 | 00 00 00 00 00 00 00 00  00 00 00 00 00 00 00 00  | ................
00000000000007A0 | 00 00 00 00 00 00 00 00  00 00 00 00 00 00 00 00  | ................
00000000000007B0 | 00 00 00 00 00 00 00 00  00 00 00 00 00 00 00 00  | ................
00000000000007C0 | 00 00 00 00 00 00 00 00  00 00 00 00 00 00 00 00  | ................
00000000000007D0 | 00 00 00 00 00 00 00 00  00 00 00 00 00 00 00 00  | ................
00000000000007E0 | 00 00 00 00 00 00 00 00  00 00 00 00 00 00 00 00  | ................
00000000000007F0 | 00 00 00 00 00 00 00 00  00 00 00 00 00 00 00 00  | ................
0000000000000800 | 00 00 00 00 00 00 00 00  00 00 00 00 00 00 00 00  | ................
0000000000000810 | 00 00 00 00 00 00 00 00  00 00 00 00 00 00 00 00  | ................
0000000000000820 | 00 00 00 00 00 00 00 00  00 00 00 00 00 00 00 00  | ................
0000000000000830 | 00 00 00 00 00 00 00 00  00 00 00 00 00 00 00 00  | ................
0000000000000840 | 00 00 00 00 00 00 00 00  00 00 00 00 00 00 00 00  | ................
0000000000000850 | 00 00 00 00 00 00 00 00  00 00 00 00 00 00 00 00  | ................
0000000000000860 | 00 00 00 00 00 00 00 00  00 00 00 00 00 00 00 00  | ................
0000000000000870 | 00 00 00 00 00 00 00 00  00 00 00 00 00 00 00 00  | ................
0000000000000880 | 00 00 00 00 00 00 00 00  00 00 00 00 00 00 00 00  | ................
0000000000000890 | 00 00 00 00 00 00 00 00  00 00 00 00 00 00 00 00  | ................
00000000000008A0 | 00 00 00 00 00 00 00 00  00 00 00 00 00 00 00 00  | ................
00000000000008B0 | 00 00 00 00 00 00 00 00  00 00 00 00 00 00 00 00  | ................
00000000000008C0 | 00 00 00 00 00 00 00 00  00 00 00 00 00 00 00 00  | ................
00000000000008D0 | 00 00 00 00 00 00 00 00  00 00 00 00 00 00 00 00  | ................
00000000000008E0 | 00 00 00 00 00 00 00 00  00 00 00 00 00 00 00 00  | ................
00000000000008F0 | 00 00 00 00 00 00 00 00  00 00 00 00 00 00 00 00  | ................
0000000000000900 | 00 00 00 00 00 00 00 00  00 00 00 00 00 00 00 00  | ................
0000000000000910 | 00 00 00 00 00 00 00 00  00 00 00 00 00 00 00 00  | ................
0000000000000920 | 00 00 00 00 00 00 00 00  00 00 00 00 00 00 00 00  | ................
0000000000000930 | 00 00 00 00 00 00 00 00  00 00 00 00 00 00 00 00  | ................
0000000000000940 | 00 00 00 00 00 00 00 00  00 00 00 00 00 00 00 00  | ................
0000000000000950 | 00 00 00 00 00 00 00 00  00 00 00 00 00 00 00 00  | ................
0000000000000960 | 00 00 00 00 00 00 00 00  00 00 00 00 00 00 00 00  | ................
0000000000000970 | 00 00 00 00 00 00 00 00  00 00 00 00 00 00 00 00  | ................
0000000000000980 | 00 00 00 00 00 00 00 00  00 00 00 00 00 00 00 00  | ................
0000000000000990 | 00 00 00 00 00 00 00 00  00 00 00 00 00 00 00 00  | ................
00000000000009A0 | 00 00 00 00 00 00 00 00  00 00 00 00 00 00 00 00  | ................
00000000000009B0 | 00 00 00 00 00 00 00 00  00 00 00 00 00 00 00 00  | ................
00000000000009C0 | 00 00 00 00 00 00 00 00  00 00 00 00 00 00 00 00  | ................
00000000000009D0 | 00 00 00 00 00 00 00 00  00 00 00 00 00 00 00 00  | ................
00000000000009E0 | 00 00 00 00 00 00 00 00  00 00 00 00 00 00 00 00  | ................
00000000000009F0 | 00 00 00 00 00 00 00 00  00 00 00 00 00 00 00 00  | ................
0000000000000A00 | 00 00 00 00 00 00 00 00  00 00 00 00 00 00 00 00  | ................
0000000000000A10 | 00 00 00 00 00 00 00 00  00 00 00 00 00 00 00 00  | ................
0000000000000A20 | 00 00 00 00 00 00 00 00  00 00 00 00 00 00 00 00  | ................
0000000000000A30 | 00 00 00 00 00 00 00 00  00 00 00 00 00 00 00 00  | ................
0000000000000A40 | 00 00 00 00 00 00 00 00  00 00 00 00 00 00 00 00  | ................
0000000000000A50 | 00 00 00 00 00 00 00 00  00 00 00 00 00 00 00 00  | ................
0000000000000A60 | 00 00 00 00 00 00 00 00  00 00 00 00 00 00 00 00  | ................
0000000000000A70 | 00 00 00 00 00 00 00 00  00 00 00 00 00 00 00 00  | ................
0000000000000A80 | 00 00 00 00 00 00 00 00  00 00 00 00 00 00 00 00  | ................
0000000000000A90 | 00 00 00 00 00 00 00 00  00 00 00 00 00 00 00 00  | ................
0000000000000AA0 | 00 00 00 00 00 00 00 00  00 00 00 00 00 00 00 00  | ................
0000000000000AB0 | 00 00 00 00 00 00 00 00  00 00 00 00 00 00 00 00  | ................
0000000000000AC0 | 00 00 00 00 00 00 00 00  00 00 00 00 00 00 00 00  | ................
0000000000000AD0 | 00 00 00 00 00 00 00 00  00 00 00 00 00 00 00 00  | ................
0000000000000AE0 | 00 00 00 00 00 00 00 00  00 00 00 00 00 00 00 00  | ................
0000000000000AF0 | 00 00 00 00 00 00 00 00  00 00 00 00 00 00 00 00  | ................
0000000000000B00 | 00 00 00 00 00 00 00 00  00 00 00 00 00 00 00 00  | ................
0000000000000B10 | 00 00 00 00 00 00 00 00  00 00 00 00 00 00 00 00  | ................
0000000000000B20 | 00 00 00 00 00 00 00 00  00 00 00 00 00 00 00 00  | ................
0000000000000B30 | 00 00 00 00 00 00 00 00  00 00 00 00 00 00 00 00  | ................
0000000000000B40 | 00 00 00 00 00 00 00 00  00 00 00 00 00 00 00 00  | ................
0000000000000B50 | 00 00 00 00 00 00 00 00  00 00 00 00 00 00 00 00  | ................
0000000000000B60 | 00 00 00 00 00 00 00 00  00 00 00 00 00 00 00 00  | ................
0000000000000B70 | 00 00 00 00 00 00 00 00  00 00 00 00 00 00 00 00  | ................
0000000000000B80 | 00 00 00 00 00 00 00 00  00 00 00 00 00 00 00 00  | ................
0000000000000B90 | 00 00 00 00 00 00 00 00  00 00 00 00 00 00 00 00  | ................
0000000000000BA0 | 00 00 00 00 00 00 00 00  00 00 00 00 00 00 00 00  | ................
0000000000000BB0 | 00 00 00 00 00 00 00 00  00 00 00 00 00 00 00 00  | ................
0000000000000BC0 | 00 00 00 00 00 00 00 00  00 00 00 00 00 00 00 00  | ................
0000000000000BD0 | 00 00 00 00 00 00 00 00  00 00 00 00 00 00 00 00  | ................
0000000000000BE0 | 00 00 00 00 00 00 00 00  00 00 00 00 00 00 00 00  | ................
0000000000000BF0 | 00 00 00 00 00 00 00 00  00 00 00 00 00 00 00 00  | ................
0000000000000C00 | 00 00 00 00 00 00 00 00  00 00 00 00 00 00 00 00  | ................
0000000000000C10 | 00 00 00 00 00 00 00 00  00 00 00 00 00 00 00 00  | ................
0000000000000C20 | 00 00 00 00 00 00 00 00  00 00 00 00 00 00 00 00  | ................
0000000000000C30 | 00 00 00 00 00 00 00 00  00 00 00 00 00 00 00 00  | ................
0000000000000C40 | 00 00 00 00 00 00 00 00  00 00 00 00 00 00 00 00  | ................
0000000000000C50 | 00 00 00 00 00 00 00 00  00 00 00 00 00 00 00 00  | ................
0000000000000C60 | 00 00 00 00 00 00 00 00  00 00 00 00 00 00 00 00  | ................
0000000000000C70 | 00 00 00 00 00 00 00 00  00 00 00 00 00 00 00 00  | ................
0000000000000C80 | 00 00 00 00 00 00 00 00  00 00 00 00 00 00 00 00  | ................
0000000000000C90 | 00 00 00 00 00 00 00 00  00 00 00 00 00 00 00 00  | ................
0000000000000CA0 | 00 00 00 00 00 00 00 00  00 00 00 00 00 00 00 00  | ................
0000000000000CB0 | 00 00 00 00 00 00 00 00  00 00 00 00 00 00 00 00  | ................
0000000000000CC0 | 00 00 00 00 00 00 00 00  00 00 00 00 00 00 00 00  | ................
0000000000000CD0 | 00 00 00 00 00 00 00 00  00 00 00 00 00 00 00 00  | ................
0000000000000CE0 | 00 00 00 00 00 00 00 00  00 00 00 00 00 00 00 00  | ................
0000000000000CF0 | 00 00 00 00 00 00 00 00  00 00 00 00 00 00 00 00  | ................
0000000000000D00 | 00 00 00 00 00 00 00 00  00 00 00 00 00 00 00 00  | ................
0000000000000D10 | 00 00 00 00 00 00 00 00  00 00 00 00 00 00 00 00  | ................
0000000000000D20 | 00 00 00 00 00 00 00 00  00 00 00 00 00 00 00 00  | ................
0000000000000D30 | 00 00 00 00 00 00 00 00  00 00 00 00 00 00 00 00  | ................
0000000000000D40 | 00 00 00 00 00 00 00 00  00 00 00 00 00 00 00 00  | ................
0000000000000D50 | 00 00 00 00 00 00 00 00  00 00 00 00 00 00 00 00  | ................
0000000000000D60 | 00 00 00 00 00 00 00 00  00 00 00 00 00 00 00 00  | ................
0000000000000D70 | 00 00 00 00 00 00 00 00  00 00 00 00 00 00 00 00  | ................
0000000000000D80 | 00 00 00 00 00 00 00 00  00 00 00 00 00 00 00 00  | ................
0000000000000D90 | 00 00 00 00 00 00 00 00  00 00 00 00 00 00 00 00  | ................
0000000000000DA0 | 00 00 00 00 00 00 00 00  00 00 00 00 00 00 00 00  | ................
0000000000000DB0 | 00 00 00 00 00 00 00 00  00 00 00 00 00 00 00 00  | ................
0000000000000DC0 | 00 00 00 00 00 00 00 00  00 00 00 00 00 00 00 00  | ................
0000000000000DD0 | 00 00 00 00 00 00 00 00  00 00 00 00 00 00 00 00  | ................
0000000000000DE0 | 00 00 00 00 00 00 00 00  00 00 00 00 00 00 00 00  | ................
0000000000000DF0 | 00 00 00 00 00 00 00 00  00 00 00 00 00 00 00 00  | ................
0000000000000E00 | 00 00 00 00 00 00 00 00  00 00 00 00 00 00 00 00  | ................
0000000000000E10 | 00 00 00 00 00 00 00 00  00 00 00 00 00 00 00 00  | ................
0000000000000E20 | 00 00 00 00 00 00 00 00  00 00 00 00 00 00 00 00  | ................
0000000000000E30 | 00 00 00 00 00 00 00 00  00 00 00 00 00 00 00 00  | ................
0000000000000E40 | 00 00 00 00 00 00 00 00  00 00 00 00 00 00 00 00  | ................
0000000000000E50 | 00 00 00 00 00 00 00 00  00 00 00 00 00 00 00 00  | ................
0000000000000E60 | 00 00 00 00 00 00 00 00  00 00 00 00 00 00 00 00  | ................
0000000000000E70 | 00 00 00 00 00 00 00 00  00 00 00 00 00 00 00 00  | ................
0000000000000E80 | 00 00 00 00 00 00 00 00  00 00 00 00 00 00 00 00  | ................
0000000000000E90 | 00 00 00 00 00 00 00 00  00 00 00 00 00 00 00 00  | ................
0000000000000EA0 | 00 00 00 00 00 00 00 00  00 00 00 00 00 00 00 00  | ................
0000000000000EB0 | 00 00 00 00 00 00 00 00  00 00 00 00 00 00 00 00  | ................
0000000000000EC0 | 00 00 00 00 00 00 00 00  00 00 00 00 00 00 00 00  | ................
0000000000000ED0 | 00 00 00 00 00 00 00 00  00 00 00 00 00 00 00 00  | ................
0000000000000EE0 | 00 00 00 00 00 00 00 00  00 00 00 00 00 00 00 00  | ................
0000000000000EF0 | 00 00 00 00 00 00 00 00  00 00 00 00 00 00 00 00  | ................
0000000000000F00 | 00 00 00 00 00 00 00 00  00 00 00 00 00 00 00 00  | ................
0000000000000F10 | 00 00 00 00 00 00 00 00  00 00 00 00 00 00 00 00  | ................
0000000000000F20 | 00 00 00 00 00 00 00 00  00 00 00 00 00 00 00 00  | ................
0000000000000F30 | 00 00 00 00 00 00 00 00  00 00 00 00 00 00 00 00  | ................
0000000000000F40 | 00 00 00 00 00 00 00 00  00 00 00 00 00 00 00 00  | ................
0000000000000F50 | 00 00 00 00 00 00 00 00  00 00 00 00 00 00 00 00  | ................
0000000000000F60 | 00 00 00 00 00 00 00 00  00 00 00 00 00 00 00 00  | ................
0000000000000F70 | 00 00 00 00 00 00 00 00  00 00 00 00 00 00 00 00  | ................
0000000000000F80 | 00 00 00 00 00 00 00 00  00 00 00 00 00 00 00 00  | ................
0000000000000F90 | 00 00 00 00 00 00 00 00  00 00 00 00 00 00 00 00  | ................
0000000000000FA0 | 00 00 00 00 00 00 00 00  00 00 00 00 00 00 00 00  | ................
0000000000000FB0 | 00 00 00 00 00 00 00 00  00 00 00 00 00 00 00 00  | ................
0000000000000FC0 | 00 00 00 00 00 00 00 00  00 00 00 00 00 00 00 00  | ................
0000000000000FD0 | 00 00 00 00 00 00 00 00  00 00 00 00 00 00 00 00  | ................
0000000000000FE0 | 00 00 00 00 00 00 00 00  00 00 00 00 00 00 00 00  | ................
0000000000000FF0 | 00 00 00 00 00 00 00 00  00 00 00 00 00 00 00 00  | ................
0000000000001000 | 00 00 00 00 00 00 00 00  00 00 00 00 00 00 00 00  | ................
0000000000001010 | 00 00 00 00 00 00 00 00  00 00 00 00 00 00 00 00  | ................
0000000000001020 | 00 00 00 00 00 00 00 00  00 00 00 00 00 00 00 00  | ................
0000000000001030 | 00 00 00 00 00 00 00 00  00 00 00 00 00 00 00 00  | ................
0000000000001040 | 00 00 00 00 00 00 00 00  00 00 00 00 00 00 00 00  | ................
0000000000001050 | 00 00 00 00 00 00 00 00  00 00 00 00 00 00 00 00  | ................
0000000000001060 | 00 00 00 00 00 00 00 00  00 00 00 00 00 00 00 00  | ................
0000000000001070 | 00 00 00 00 00 00 00 00  00 00 00 00 00 00 00 00  | ................
0000000000001080 | 00 00 00 00 00 00 00 00  00 00 00 00 00 00 00 00  | ................
0000000000001090 | 00 00 00 00 00 00 00 00  00 00 00 00 00 00 00 00  | ................
00000000000010A0 | 00 00 00 00 00 00 00 00  00 00 00 00 00 00 00 00  | ................
00000000000010B0 | 00 00 00 00 00 00 00 00  00 00 00 00 00 00 00 00  | ................
00000000000010C0 | 00 00 00 00 00 00 00 00  00 00 00 00 00 00 00 00  | ................
00000000000010D0 | 00 00 00 00 00 00 00 00  00 00 00 00 00 00 00 00  | ................
00000000000010E0 | 00 00 00 00 00 00 00 00  00 00 00 00 00 00 00 00  | ................
00000000000010F0 | 00 00 00 00 00 00 00 00  00 00 00 00 00 00 00 00  | ................
0000000000001100 | 00 00 00 00 00 00 00 00  00 00 00 00 00 00 00 00  | ................
0000000000001110 | 00 00 00 00 00 00 00 00  00 00 00 00 00 00 00 00  | ................
0000000000001120 | 00 00 00 00 00 00 00 00  00 00 00 00 00 00 00 00  | ................
0000000000001130 | 00 00 00 00 00 00 00 00  00 00 00 00 00 00 00 00  | ................
0000000000001140 | 00 00 00 00 00 00 00 00  00 00 00 00 00 00 00 00  | ................
0000000000001150 | 00 00 00 00 00 00 00 00  00 00 00 00 00 00 00 00  | ................
0000000000001160 | 00 00 00 00 00 00 00 00  00 00 00 00 00 00 00 00  | ................
0000000000001170 | 00 00 00 00 00 00 00 00  00 00 00 00 00 00 00 00  | ................
0000000000001180 | 00 00 00 00 00 00 00 00  00 00 00 00 00 00 00 00  | ................
0000000000001190 | 00 00 00 00 00 00 00 00  00 00 00 00 00 00 00 00  | ................
00000000000011A0 | 00 00 00 00 00 00 00 00  00 00 00 00 00 00 00 00  | ................
00000000000011B0 | 00 00 00 00 00 00 00 00  00 00 00 00 00 00 00 00  | ................
00000000000011C0 | 00 00 00 00 00 00 00 00  00 00 00 00 00 00 00 00  | ................
00000000000011D0 | 00 00 00 00 00 00 00 00  00 00 00 00 00 00 00 00  | ................
00000000000011E0 | 00 00 00 00 00 00 00 00  00 00 00 00 00 00 00 00  | ................
00000000000011F0 | 00 00 00 00 00 00 00 00  00 00 00 00 00 00 00 00  | ................
0000000000001200 | 00 00 00 00 00 00 00 00  00 00 00 00 00 00 00 00  | ................
0000000000001210 | 00 00 00 00 00 00 00 00  00 00 00 00 00 00 00 00  | ................
0000000000001220 | 00 00 00 00 00 00 00 00  00 00 00 00 00 00 00 00  | ................
0000000000001230 | 00 00 00 00 00 00 00 00  00 00 00 00 00 00 00 00  | ................
0000000000001240 | 00 00 00 00 00 00 00 00  00 00 00 00 00 00 00 00  | ................
0000000000001250 | 00 00 00 00 00 00 00 00  00 00 00 00 00 00 00 00  | ................
0000000000001260 | 00 00 00 00 00 00 00 00  00 00 00 00 00 00 00 00  | ................
0000000000001270 | 00 00 00 00 00 00 00 00  00 00 00 00 00 00 00 00  | ................
0000000000001280 | 00 00 00 00 00 00 00 00  00 00 00 00 00 00 00 00  | ................
0000000000001290 | 00 00 00 00 00 00 00 00  00 00 00 00 00 00 00 00  | ................
00000000000012A0 | 00 00 00 00 00 00 00 00  00 00 00 00 00 00 00 00  | ................
00000000000012B0 | 00 00 00 00 00 00 00 00  00 00 00 00 00 00 00 00  | ................
00000000000012C0 | 00 00 00 00 00 00 00 00  00 00 00 00 00 00 00 00  | ................
00000000000012D0 | 00 00 00 00 00 00 00 00  00 00 00 00 00 00 00 00  | ................
00000000000012E0 | 00 00 00 00 00 00 00 00  00 00 00 00 00 00 00 00  | ................
00000000000012F0 | 00 00 00 00 00 00 00 00  00 00 00 00 00 00 00 00  | ................
0000000000001300 | 00 00 00 00 00 00 00 00  00 00 00 00 00 00 00 00  | ................
0000000000001310 | 00 00 00 00 00 00 00 00  00 00 00 00 00 00 00 00  | ................
0000000000001320 | 00 00 00 00 00 00 00 00  00 00 00 00 00 00 00 00  | ................
0000000000001330 | 00 00 00 00 00 00 00 00  00 00 00 00 00 00 00 00  | ................
0000000000001340 | 00 00 00 00 00 00 00 00  00 00 00 00 00 00 00 00  | ................
0000000000001350 | 00 00 00 00 00 00 00 00  00 00 00 00 00 00 00 00  | ................
0000000000001360 | 00 00 00 00 00 00 00 00  00 00 00 00 00 00 00 00  | ................
0000000000001370 | 00 00 00 00 00 00 00 00  00 00 00 00 00 00 00 00  | ................
0000000000001380 | 00 00 00 00 00 00 00 00  00 00 00 00 00 00 00 00  | ................
0000000000001390 | 00 00 00 00 00 00 00 00  00 00 00 00 00 00 00 00  | ................
00000000000013A0 | 00 00 00 00 00 00 00 00  00 00 00 00 00 00 00 00  | ................
00000000000013B0 | 00 00 00 00 00 00 00 00  00 00 00 00 00 00 00 00  | ................
00000000000013C0 | 00 00 00 00 00 00 00 00  00 00 00 00 00 00 00 00  | ................
00000000000013D0 | 00 00 00 00 00 00 00 00  00 00 00 00 00 00 00 00  | ................
00000000000013E0 | 00 00 00 00 00 00 00 00  00 00 00 00 00 00 00 00  | ................
00000000000013F0 | 00 00 00 00 00 00 00 00  00 00 00 00 00 00 00 00  | ................
0000000000001400 | 00 00 00 00 00 00 00 00  00 00 00 00 00 00 00 00  | ................
0000000000001410 | 00 00 00 00 00 00 00 00  00 00 00 00 00 00 00 00  | ................
0000000000001420 | 00 00 00 00 00 00 00 00  00 00 00 00 00 00 00 00  | ................
0000000000001430 | 00 00 00 00 00 00 00 00  00 00 00 00 00 00 00 00  | ................
0000000000001440 | 00 00 00 00 00 00 00 00  00 00 00 00 00 00 00 00  | ................
0000000000001450 | 00 00 00 00 00 00 00 00  00 00 00 00 00 00 00 00  | ................
0000000000001460 | 00 00 00 00 00 00 00 00  00 00 00 00 00 00 00 00  | ................
0000000000001470 | 00 00 00 00 00 00 00 00  00 00 00 00 00 00 00 00  | ................
0000000000001480 | 00 00 00 00 00 00 00 00  00 00 00 00 00 00 00 00  | ................
0000000000001490 | 00 00 00 00 00 00 00 00  00 00 00 00 00 00 00 00  | ................
00000000000014A0 | 00 00 00 00 00 00 00 00  00 00 00 00 00 00 00 00  | ................
00000000000014B0 | 00 00 00 00 00 00 00 00  00 00 00 00 00 00 00 00  | ................
00000000000014C0 | 00 00 00 00 00 00 00 00  00 00 00 00 00 00 00 00  | ................
00000000000014D0 | 00 00 00 00 00 00 00 00  00 00 00 00 00 00 00 00  | ................
00000000000014E0 | 00 00 00 00 00 00 00 00  00 00 00 00 00 00 00 00  | ................
00000000000014F0 | 00 00 00 00 00 00 00 00  00 00 00 00 00 00 00 00  | ................
0000000000001500 | 00 00 00 00 00 00 00 00  00 00 00 00 00 00 00 00  | ................
0000000000001510 | 00 00 00 00 00 00 00 00  00 00 00 00 00 00 00 00  | ................
0000000000001520 | 00 00 00 00 00 00 00 00  00 00 00 00 00 00 00 00  | ................
0000000000001530 | 00 00 00 00 00 00 00 00  00 00 00 00 00 00 00 00  | ................
0000000000001540 | 00 00 00 00 00 00 00 00  00 00 00 00 00 00 00 00  | ................
0000000000001550 | 00 00 00 00 00 00 00 00  00 00 00 00 00 00 00 00  | ................
0000000000001560 | 00 00 00 00 00 00 00 00  00 00 00 00 00 00 00 00  | ................
0000000000001570 | 00 00 00 00 00 00 00 00  00 00 00 00 00 00 00 00  | ................
0000000000001580 | 00 00 00 00 00 00 00 00  00 00 00 00 00 00 00 00  | ................
0000000000001590 | 00 00 00 00 00 00 00 00  00 00 00 00 00 00 00 00  | ................
00000000000015A0 | 00 00 00 00 00 00 00 00  00 00 00 00 00 00 00 00  | ................
00000000000015B0 | 00 00 00 00 00 00 00 00  00 00 00 00 00 00 00 00  | ................
00000000000015C0 | 00 00 00 00 00 00 00 00  00 00 00 00 00 00 00 00  | ................
00000000000015D0 | 00 00 00 00 00 00 00 00  00 00 00 00 00 00 00 00  | ................
00000000000015E0 | 00 00 00 00 00 00 00 00  00 00 00 00 00 00 00 00  | ................
00000000000015F0 | 00 00 00 00 00 00 00 00  00 00 00 00 00 00 00 00  | ................
0000000000001600 | 00 00 00 00 00 00 00 00  00 00 00 00 00 00 00 00  | ................
0000000000001610 | 00 00 00 00 00 00 00 00  00 00 00 00 00 00 00 00  | ................
0000000000001620 | 00 00 00 00 00 00 00 00  00 00 00 00 00 00 00 00  | ................
0000000000001630 | 00 00 00 00 00 00 00 00  00 00 00 00 00 00 00 00  | ................
0000000000001640 | 00 00 00 00 00 00 00 00  00 00 00 00 00 00 00 00  | ................
0000000000001650 | 00 00 00 00 00 00 00 00  00 00 00 00 00 00 00 00  | ................
0000000000001660 | 00 00 00 00 00 00 00 00  00 00 00 00 00 00 00 00  | ................
0000000000001670 | 00 00 00 00 00 00 00 00  00 00 00 00 00 00 00 00  | ................
0000000000001680 | 00 00 00 00 00 00 00 00  00 00 00 00 00 00 00 00  | ................
0000000000001690 | 00 00 00 00 00 00 00 00  00 00 00 00 00 00 00 00  | ................
00000000000016A0 | 00 00 00 00 00 00 00 00  00 00 00 00 00 00 00 00  | ................
00000000000016B0 | 00 00 00 00 00 00 00 00  00 00 00 00 00 00 00 00  | ................
00000000000016C0 | 00 00 00 00 00 00 00 00  00 00 00 00 00 00 00 00  | ................
00000000000016D0 | 00 00 00 00 00 00 00 00  00 00 00 00 00 00 00 00  | ................
00000000000016E0 | 00 00 00 00 00 00 00 00  00 00 00 00 00 00 00 00  | ................
00000000000016F0 | 00 00 00 00 00 00 00 00  00 00 00 00 00 00 00 00  | ................
0000000000001700 | 00 00 00 00 00 00 00 00  00 00 00 00 00 00 00 00  | ................
0000000000001710 | 00 00 00 00 00 00 00 00  00 00 00 00 00 00 00 00  | ................
0000000000001720 | 00 00 00 00 00 00 00 00  00 00 00 00 00 00 00 00  | ................
0000000000001730 | 00 00 00 00 00 00 00 00  00 00 00 00 00 00 00 00  | ................
0000000000001740 | 00 00 00 00 00 00 00 00  00 00 00 00 00 00 00 00  | ................
0000000000001750 | 00 00 00 00 00 00 00 00  00 00 00 00 00 00 00 00  | ................
0000000000001760 | 00 00 00 00 00 00 00 00  00 00 00 00 00 00 00 00  | ................
0000000000001770 | 00 00 00 00 00 00 00 00  00 00 00 00 00 00 00 00  | ................
0000000000001780 | 00 00 00 00 00 00 00 00  00 00 00 00 00 00 00 00  | ................
0000000000001790 | 00 00 00 00 00 00 00 00  00 00 00 00 00 00 00 00  | ................
00000000000017A0 | 00 00 00 00 00 00 00 00  00 00 00 00 00 00 00 00  | ................
00000000000017B0 | 00 00 00 00 00 00 00 00  00 00 00 00 00 00 00 00  | ................
00000000000017C0 | 00 00 00 00 00 00 00 00  00 00 00 00 00 00 00 00  | ................
00000000000017D0 | 00 00 00 00 00 00 00 00  00 00 00 00 00 00 00 00  | ................
00000000000017E0 | 00 00 00 00 00 00 00 00  00 00 00 00 00 00 00 00  | ................
00000000000017F0 | 00 00 00 00 00 00 00 00  00 00 00 00 00 00 00 00  | ................
0000000000001800 | 00 00 00 00 00 00 00 00  00 00 00 00 00 00 00 00  | ................
0000000000001810 | 00 00 00 00 00 00 00 00  00 00 00 00 00 00 00 00  | ................
0000000000001820 | 00 00 00 00 00 00 00 00  00 00 00 00 00 00 00 00  | ................
0000000000001830 | 00 00 00 00 00 00 00 00  00 00 00 00 00 00 00 00  | ................
0000000000001840 | 00 00 00 00 00 00 00 00  00 00 00 00 00 00 00 00  | ................
0000000000001850 | 00 00 00 00 00 00 00 00  00 00 00 00 00 00 00 00  | ................
0000000000001860 | 00 00 00 00 00 00 00 00  00 00 00 00 00 00 00 00  | ................
0000000000001870 | 00 00 00 00 00 00 00 00  00 00 00 00 00 00 00 00  | ................
0000000000001880 | 00 00 00 00 00 00 00 00  00 00 00 00 00 00 00 00  | ................
0000000000001890 | 00 00 00 00 00 00 00 00  00 00 00 00 00 00 00 00  | ................
00000000000018A0 | 00 00 00 00 00 00 00 00  00 00 00 00 00 00 00 00  | ................
00000000000018B0 | 00 00 00 00 00 00 00 00  00 00 00 00 00 00 00 00  | ................
00000000000018C0 | 00 00 00 00 00 00 00 00  00 00 00 00 00 00 00 00  | ................
00000000000018D0 | 00 00 00 00 00 00 00 00  00 00 00 00 00 00 00 00  | ................
00000000000018E0 | 00 00 00 00 00 00 00 00  00 00 00 00 00 00 00 00  | ................
00000000000018F0 | 00 00 00 00 00 00 00 00  00 00 00 00 00 00 00 00  | ................
0000000000001900 | 00 00 00 00 00 00 00 00  00 00 00 00 00 00 00 00  | ................
0000000000001910 | 00 00 00 00 00 00 00 00  00 00 00 00 00 00 00 00  | ................
0000000000001920 | 00 00 00 00 00 00 00 00  00 00 00 00 00 00 00 00  | ................
0000000000001930 | 00 00 00 00 00 00 00 00  00 00 00 00 00 00 00 00  | ................
0000000000001940 | 00 00 00 00 00 00 00 00  00 00 00 00 00 00 00 00  | ................
0000000000001950 | 00 00 00 00 00 00 00 00  00 00 00 00 00 00 00 00  | ................
0000000000001960 | 00 00 00 00 00 00 00 00  00 00 00 00 00 00 00 00  | ................
0000000000001970 | 00 00 00 00 00 00 00 00  00 00 00 00 00 00 00 00  | ................
0000000000001980 | 00 00 00 00 00 00 00 00  00 00 00 00 00 00 00 00  | ................
0000000000001990 | 00 00 00 00 00 00 00 00  00 00 00 00 00 00 00 00  | ................
00000000000019A0 | 00 00 00 00 00 00 00 00  00 00 00 00 00 00 00 00  | ................
00000000000019B0 | 00 00 00 00 00 00 00 00  00 00 00 00 00 00 00 00  | ................
00000000000019C0 | 00 00 00 00 00 00 00 00  00 00 00 00 00 00 00 00  | ................
00000000000019D0 | 00 00 00 00 00 00 00 00  00 00 00 00 00 00 00 00  | ................
00000000000019E0 | 00 00 00 00 00 00 00 00  00 00 00 00 00 00 00 00  | ................
00000000000019F0 | 00 00 00 00 00 00 00 00  00 00 00 00 00 00 00 00  | ................
0000000000001A00 | 00 00 00 00 00 00 00 00  00 00 00 00 00 00 00 00  | ................
0000000000001A10 | 00 00 00 00 00 00 00 00  00 00 00 00 00 00 00 00  | ................
0000000000001A20 | 00 00 00 00 00 00 00 00  00 00 00 00 00 00 00 00  | ................
0000000000001A30 | 00 00 00 00 00 00 00 00  00 00 00 00 00 00 00 00  | ................
0000000000001A40 | 00 00 00 00 00 00 00 00  00 00 00 00 00 00 00 00  | ................
0000000000001A50 | 00 00 00 00 00 00 00 00  00 00 00 00              | ............
