# Memory dump: 0x20000 - 0x22000
# Segment: __const
#============================================================================

# Address        | Hex Bytes                                       | ASCII
#----------------------------------------------------------------------------
0000000000020000 | A0 73 00 00 00 00 00 00  61 09 00 00 64 09 00 00  | .s......a...d...
0000000000020010 | 6C 02 00 00 00 00 00 00  00 00 00 00 00 00 00 00  | l...............
0000000000020020 | 00 00 00 00 00 00 00 00  D4 73 00 00 00 00 00 00  | .........s......
0000000000020030 | 06 00 00 00 00 00 00 00  00 00 00 00 00 00 00 00  | ................
0000000000020040 | 24 00 00 00 00 00 00 00  00 00 00 00 00 00 00 00  | $...............
0000000000020050 | C8 74 00 00 00 00 00 00  09 00 00 00 00 00 00 00  | .t..............
0000000000020060 | 00 00 00 00 00 00 00 00  6C 02 00 00 00 00 00 00  | ........l.......
0000000000020070 | 00 00 00 00 00 00 00 00  10 76 00 00 00 00 00 00  | .........v......
0000000000020080 | 0B 00 00 00 00 00 00 00  00 00 00 00 00 00 00 00  | ................
0000000000020090 | 6C 02 00 00 00 00 00 00  04 00 00 00 00 00 00 00  | l...............
00000000000200A0 | 78 C2 01 00 00 00 00 00  18 1E 02 00 00 00 00 00  | x...............
00000000000200B0 | 00 00 00 00 00 00 00 00  00 00 00 00 00 00 00 00  | ................
00000000000200C0 | 01 00 00 00 00 00 00 00  A5 C2 01 00 00 00 00 00  | ................
00000000000200D0 | 10 C2 01 00 00 00 00 00  00 00 00 00 00 00 00 00  | ................
00000000000200E0 | 00 00 00 00 00 00 00 00  10 00 00 00 00 00 00 00  | ................
00000000000200F0 | CC C2 01 00 00 00 00 00  E8 17 02 00 00 00 00 00  | ................
0000000000020100 | 00 00 00 00 00 00 00 00  00 00 00 00 00 00 00 00  | ................
0000000000020110 | 03 00 00 00 00 00 00 00  EF C2 01 00 00 00 00 00  | ................
0000000000020120 | 58 12 02 00 00 00 00 00  00 00 00 00 00 00 00 00  | X...............
0000000000020130 | 00 00 00 00 00 00 00 00  03 00 00 00 00 00 00 00  | ................
0000000000020140 | EF C2 01 00 00 00 00 00  F8 10 02 00 00 00 00 00  | ................
0000000000020150 | 00 00 00 00 00 00 00 00  00 00 00 00 00 00 00 00  | ................
0000000000020160 | 00 00 00 00 00 00 00 00  00 00 00 00 00 00 00 00  | ................
0000000000020170 | 00 00 00 00 00 00 00 00  00 00 00 00 00 00 00 00  | ................
0000000000020180 | 00 00 00 00 00 00 00 00  00 00 00 00 00 00 00 00  | ................
0000000000020190 | 00 00 00 00 00 00 00 00  00 00 00 00 00 00 00 00  | ................
00000000000201A0 | 00 00 00 00 00 00 00 00  00 00 00 00 00 00 00 00  | ................
00000000000201B0 | 00 00 00 00 00 00 00 00  00 00 00 00 00 00 00 00  | ................
00000000000201C0 | 00 00 00 00 00 00 00 00  00 00 00 00 00 00 00 00  | ................
00000000000201D0 | 00 00 00 00 00 00 00 00  00 00 00 00 00 00 00 00  | ................
00000000000201E0 | 00 00 00 00 00 00 00 00  00 00 00 00 00 00 00 00  | ................
00000000000201F0 | 00 00 00 00 00 00 00 00  00 00 00 00 00 00 00 00  | ................
0000000000020200 | 00 00 00 00 00 00 00 00  00 00 00 00 00 00 00 00  | ................
0000000000020210 | 00 00 00 00 00 00 00 00  00 00 00 00 00 00 00 00  | ................
0000000000020220 | 00 00 00 00 00 00 00 00  00 00 00 00 00 00 00 00  | ................
0000000000020230 | 00 00 00 00 00 00 00 00  00 00 00 00 00 00 00 00  | ................
0000000000020240 | 00 00 00 00 00 00 00 00  00 00 00 00 00 00 00 00  | ................
0000000000020250 | 00 00 00 00 00 00 00 00  00 00 00 00 00 00 00 00  | ................
0000000000020260 | 00 00 00 00 00 00 00 00  00 00 00 00 00 00 00 00  | ................
0000000000020270 | 00 00 00 00 00 00 00 00  00 00 00 00 00 00 00 00  | ................
0000000000020280 | 00 00 00 00 00 00 00 00  00 00 00 00 00 00 00 00  | ................
0000000000020290 | 00 00 00 00 00 00 00 00  00 00 00 00 00 00 00 00  | ................
00000000000202A0 | 00 00 00 00 00 00 00 00  00 00 00 00 00 00 00 00  | ................
00000000000202B0 | 00 00 00 00 00 00 00 00  00 00 00 00 00 00 00 00  | ................
00000000000202C0 | 00 00 00 00 00 00 00 00  00 00 00 00 00 00 00 00  | ................
00000000000202D0 | 00 00 00 00 00 00 00 00  00 00 00 00 00 00 00 00  | ................
00000000000202E0 | 00 00 00 00 00 00 00 00  00 00 00 00 00 00 00 00  | ................
00000000000202F0 | 00 00 00 00 00 00 00 00  00 00 00 00 00 00 00 00  | ................
0000000000020300 | 00 00 00 00 00 00 00 00  00 00 00 00 00 00 00 00  | ................
0000000000020310 | 00 00 00 00 00 00 00 00  00 00 00 00 00 00 00 00  | ................
0000000000020320 | 00 00 00 00 00 00 00 00  00 00 00 00 00 00 00 00  | ................
0000000000020330 | 00 00 00 00 00 00 00 00  00 00 00 00 00 00 00 00  | ................
0000000000020340 | 00 00 00 00 00 00 00 00  00 00 00 00 00 00 00 00  | ................
0000000000020350 | 00 00 00 00 00 00 00 00  00 00 00 00 00 00 00 00  | ................
0000000000020360 | 00 00 00 00 00 00 00 00  00 00 00 00 00 00 00 00  | ................
0000000000020370 | 00 00 00 00 00 00 00 00  00 00 00 00 00 00 00 00  | ................
0000000000020380 | 00 00 00 00 00 00 00 00  00 00 00 00 00 00 00 00  | ................
0000000000020390 | 00 00 00 00 00 00 00 00  00 00 00 00 00 00 00 00  | ................
00000000000203A0 | 00 00 00 00 00 00 00 00  00 00 00 00 00 00 00 00  | ................
00000000000203B0 | 00 00 00 00 00 00 00 00  00 00 00 00 00 00 00 00  | ................
00000000000203C0 | 00 00 00 00 00 00 00 00  00 00 00 00 00 00 00 00  | ................
00000000000203D0 | 00 00 00 00 00 00 00 00  00 00 00 00 00 00 00 00  | ................
00000000000203E0 | 00 00 00 00 00 00 00 00  00 00 00 00 00 00 00 00  | ................
00000000000203F0 | 00 00 00 00 00 00 00 00  00 00 00 00 00 00 00 00  | ................
0000000000020400 | 00 00 00 00 00 00 00 00  00 00 00 00 00 00 00 00  | ................
0000000000020410 | 00 00 00 00 00 00 00 00  00 00 00 00 00 00 00 00  | ................
0000000000020420 | 00 00 00 00 00 00 00 00  00 00 00 00 00 00 00 00  | ................
0000000000020430 | 00 00 00 00 00 00 00 00  00 00 00 00 00 00 00 00  | ................
0000000000020440 | 00 00 00 00 00 00 00 00  00 00 00 00 00 00 00 00  | ................
0000000000020450 | 00 00 00 00 00 00 00 00  00 00 00 00 00 00 00 00  | ................
0000000000020460 | 00 00 00 00 00 00 00 00  00 00 00 00 00 00 00 00  | ................
0000000000020470 | 00 00 00 00 00 00 00 00  00 00 00 00 00 00 00 00  | ................
0000000000020480 | 00 00 00 00 00 00 00 00  00 00 00 00 00 00 00 00  | ................
0000000000020490 | 00 00 00 00 00 00 00 00  00 00 00 00 00 00 00 00  | ................
00000000000204A0 | 00 00 00 00 00 00 00 00  00 00 00 00 00 00 00 00  | ................
00000000000204B0 | 00 00 00 00 00 00 00 00  00 00 00 00 00 00 00 00  | ................
00000000000204C0 | 00 00 00 00 00 00 00 00  00 00 00 00 00 00 00 00  | ................
00000000000204D0 | 00 00 00 00 00 00 00 00  00 00 00 00 00 00 00 00  | ................
00000000000204E0 | 00 00 00 00 00 00 00 00  00 00 00 00 00 00 00 00  | ................
00000000000204F0 | 00 00 00 00 00 00 00 00  00 00 00 00 00 00 00 00  | ................
0000000000020500 | 00 00 00 00 00 00 00 00  00 00 00 00 00 00 00 00  | ................
0000000000020510 | 00 00 00 00 00 00 00 00  00 00 00 00 00 00 00 00  | ................
0000000000020520 | 00 00 00 00 00 00 00 00  00 00 00 00 00 00 00 00  | ................
0000000000020530 | 00 00 00 00 00 00 00 00  00 00 00 00 00 00 00 00  | ................
0000000000020540 | 00 00 00 00 00 00 00 00  00 00 00 00 00 00 00 00  | ................
0000000000020550 | 00 00 00 00 00 00 00 00  00 00 00 00 00 00 00 00  | ................
0000000000020560 | 00 00 00 00 00 00 00 00  00 00 00 00 00 00 00 00  | ................
0000000000020570 | 00 00 00 00 00 00 00 00  00 00 00 00 00 00 00 00  | ................
0000000000020580 | 00 00 00 00 00 00 00 00  00 00 00 00 00 00 00 00  | ................
0000000000020590 | 00 00 00 00 00 00 00 00  00 00 00 00 00 00 00 00  | ................
00000000000205A0 | 00 00 00 00 00 00 00 00  00 00 00 00 00 00 00 00  | ................
00000000000205B0 | 00 00 00 00 00 00 00 00  00 00 00 00 00 00 00 00  | ................
00000000000205C0 | 00 00 00 00 00 00 00 00  00 00 00 00 00 00 00 00  | ................
00000000000205D0 | 00 00 00 00 00 00 00 00  00 00 00 00 00 00 00 00  | ................
00000000000205E0 | 00 00 00 00 00 00 00 00  00 00 00 00 00 00 00 00  | ................
00000000000205F0 | 00 00 00 00 00 00 00 00  00 00 00 00 00 00 00 00  | ................
0000000000020600 | 00 00 00 00 00 00 00 00  00 00 00 00 00 00 00 00  | ................
0000000000020610 | 00 00 00 00 00 00 00 00  00 00 00 00 00 00 00 00  | ................
0000000000020620 | 00 00 00 00 00 00 00 00  00 00 00 00 00 00 00 00  | ................
0000000000020630 | 00 00 00 00 00 00 00 00  00 00 00 00 00 00 00 00  | ................
0000000000020640 | 00 00 00 00 00 00 00 00  00 00 00 00 00 00 00 00  | ................
0000000000020650 | 00 00 00 00 00 00 00 00  00 00 00 00 00 00 00 00  | ................
0000000000020660 | 00 00 00 00 00 00 00 00  00 00 00 00 00 00 00 00  | ................
0000000000020670 | 00 00 00 00 00 00 00 00  00 00 00 00 00 00 00 00  | ................
0000000000020680 | 00 00 00 00 00 00 00 00  00 00 00 00 00 00 00 00  | ................
0000000000020690 | 00 00 00 00 00 00 00 00  00 00 00 00 00 00 00 00  | ................
00000000000206A0 | 00 00 00 00 00 00 00 00  00 00 00 00 00 00 00 00  | ................
00000000000206B0 | 00 00 00 00 00 00 00 00  00 00 00 00 00 00 00 00  | ................
00000000000206C0 | 00 00 00 00 00 00 00 00  00 00 00 00 00 00 00 00  | ................
00000000000206D0 | 00 00 00 00 00 00 00 00  00 00 00 00 00 00 00 00  | ................
00000000000206E0 | 00 00 00 00 00 00 00 00  00 00 00 00 00 00 00 00  | ................
00000000000206F0 | 00 00 00 00 00 00 00 00  00 00 00 00 00 00 00 00  | ................
0000000000020700 | 00 00 00 00 00 00 00 00  00 00 00 00 00 00 00 00  | ................
0000000000020710 | 00 00 00 00 00 00 00 00  00 00 00 00 00 00 00 00  | ................
0000000000020720 | 00 00 00 00 00 00 00 00  00 00 00 00 00 00 00 00  | ................
0000000000020730 | 00 00 00 00 00 00 00 00  00 00 00 00 00 00 00 00  | ................
0000000000020740 | 00 00 00 00 00 00 00 00  00 00 00 00 00 00 00 00  | ................
0000000000020750 | 00 00 00 00 00 00 00 00  00 00 00 00 00 00 00 00  | ................
0000000000020760 | 00 00 00 00 00 00 00 00  00 00 00 00 00 00 00 00  | ................
0000000000020770 | 00 00 00 00 00 00 00 00  00 00 00 00 00 00 00 00  | ................
0000000000020780 | 00 00 00 00 00 00 00 00  00 00 00 00 00 00 00 00  | ................
0000000000020790 | 00 00 00 00 00 00 00 00  00 00 00 00 00 00 00 00  | ................
00000000000207A0 | 00 00 00 00 00 00 00 00  00 00 00 00 00 00 00 00  | ................
00000000000207B0 | 00 00 00 00 00 00 00 00  00 00 00 00 00 00 00 00  | ................
00000000000207C0 | 00 00 00 00 00 00 00 00  00 00 00 00 00 00 00 00  | ................
00000000000207D0 | 00 00 00 00 00 00 00 00  00 00 00 00 00 00 00 00  | ................
00000000000207E0 | 00 00 00 00 00 00 00 00  00 00 00 00 00 00 00 00  | ................
00000000000207F0 | 00 00 00 00 00 00 00 00  00 00 00 00 00 00 00 00  | ................
0000000000020800 | 00 00 00 00 00 00 00 00  00 00 00 00 00 00 00 00  | ................
0000000000020810 | 00 00 00 00 00 00 00 00  00 00 00 00 00 00 00 00  | ................
0000000000020820 | 00 00 00 00 00 00 00 00  00 00 00 00 00 00 00 00  | ................
0000000000020830 | 00 00 00 00 00 00 00 00  00 00 00 00 00 00 00 00  | ................
0000000000020840 | 00 00 00 00 00 00 00 00  00 00 00 00 00 00 00 00  | ................
0000000000020850 | 00 00 00 00 00 00 00 00  00 00 00 00 00 00 00 00  | ................
0000000000020860 | 00 00 00 00 00 00 00 00  00 00 00 00 00 00 00 00  | ................
0000000000020870 | 00 00 00 00 00 00 00 00  00 00 00 00 00 00 00 00  | ................
0000000000020880 | 00 00 00 00 00 00 00 00  00 00 00 00 00 00 00 00  | ................
0000000000020890 | 00 00 00 00 00 00 00 00  00 00 00 00 00 00 00 00  | ................
00000000000208A0 | 00 00 00 00 00 00 00 00  00 00 00 00 00 00 00 00  | ................
00000000000208B0 | 00 00 00 00 00 00 00 00  00 00 00 00 00 00 00 00  | ................
00000000000208C0 | 00 00 00 00 00 00 00 00  00 00 00 00 00 00 00 00  | ................
00000000000208D0 | 00 00 00 00 00 00 00 00  00 00 00 00 00 00 00 00  | ................
00000000000208E0 | 00 00 00 00 00 00 00 00  00 00 00 00 00 00 00 00  | ................
00000000000208F0 | 00 00 00 00 00 00 00 00  00 00 00 00 00 00 00 00  | ................
0000000000020900 | 00 00 00 00 00 00 00 00  00 00 00 00 00 00 00 00  | ................
0000000000020910 | 00 00 00 00 00 00 00 00  00 00 00 00 00 00 00 00  | ................
0000000000020920 | 00 00 00 00 00 00 00 00  00 00 00 00 00 00 00 00  | ................
0000000000020930 | 03 00 00 00 00 00 00 00  0F C3 01 00 00 00 00 00  | ................
0000000000020940 | F8 0E 02 00 00 00 00 00  00 00 00 00 00 00 00 00  | ................
0000000000020950 | 00 00 00 00 00 00 00 00  09 00 00 00 00 00 00 00  | ................
0000000000020960 | 33 C3 01 00 00 00 00 00  48 0C 02 00 00 00 00 00  | 3.......H.......
0000000000020970 | F0 C1 01 00 00 00 00 00  02 00 00 00 00 00 00 00  | ................
0000000000020980 | 00 00 00 00 00 00 00 00  00 00 00 00 00 00 00 00  | ................
0000000000020990 | 00 00 00 00 00 00 00 00  00 00 00 00 00 00 00 00  | ................
00000000000209A0 | 00 00 00 00 00 00 00 00  00 00 00 00 00 00 00 00  | ................
00000000000209B0 | 00 00 00 00 00 00 00 00  00 00 00 00 00 00 00 00  | ................
00000000000209C0 | 00 00 00 00 00 00 00 00  00 00 00 00 00 00 00 00  | ................
00000000000209D0 | 00 00 00 00 00 00 00 00  00 00 00 00 00 00 00 00  | ................
00000000000209E0 | 00 00 00 00 00 00 00 00  00 00 00 00 00 00 00 00  | ................
00000000000209F0 | 00 00 00 00 00 00 00 00  00 00 00 00 00 00 00 00  | ................
0000000000020A00 | 00 00 00 00 00 00 00 00  00 00 00 00 00 00 00 00  | ................
0000000000020A10 | 00 00 00 00 00 00 00 00  00 00 00 00 00 00 00 00  | ................
0000000000020A20 | 00 00 00 00 00 00 00 00  00 00 00 00 00 00 00 00  | ................
0000000000020A30 | 00 00 00 00 00 00 00 00  00 00 00 00 00 00 00 00  | ................
0000000000020A40 | 00 00 00 00 00 00 00 00  00 00 00 00 00 00 00 00  | ................
0000000000020A50 | 00 00 00 00 00 00 00 00  00 00 00 00 00 00 00 00  | ................
0000000000020A60 | 00 00 00 00 00 00 00 00  00 00 00 00 00 00 00 00  | ................
0000000000020A70 | 00 00 00 00 00 00 00 00  00 00 00 00 00 00 00 00  | ................
0000000000020A80 | 00 00 00 00 00 00 00 00  00 00 00 00 00 00 00 00  | ................
0000000000020A90 | 00 00 00 00 00 00 00 00  BD C3 01 00 00 00 00 00  | ................
0000000000020AA0 | EB C3 01 00 00 00 00 00  08 C4 01 00 00 00 00 00  | ................
0000000000020AB0 | 2D C4 01 00 00 00 00 00  4E C4 01 00 00 00 00 00  | -.......N.......
0000000000020AC0 | 6E C4 01 00 00 00 00 00  8C C4 01 00 00 00 00 00  | n...............
0000000000020AD0 | AF C4 01 00 00 00 00 00  CF C4 01 00 00 00 00 00  | ................
0000000000020AE0 | F1 C4 01 00 00 00 00 00  14 C5 01 00 00 00 00 00  | ................
0000000000020AF0 | 4C C5 01 00 00 00 00 00  87 C5 01 00 00 00 00 00  | L...............
0000000000020B00 | AB C5 01 00 00 00 00 00  CB C5 01 00 00 00 00 00  | ................
0000000000020B10 | E9 C5 01 00 00 00 00 00  0A C6 01 00 00 00 00 00  | ................
0000000000020B20 | 1D C6 01 00 00 00 00 00  3F C6 01 00 00 00 00 00  | ........?.......
0000000000020B30 | 5E C6 01 00 00 00 00 00  80 C6 01 00 00 00 00 00  | ^...............
0000000000020B40 | A3 C6 01 00 00 00 00 00  C2 C6 01 00 00 00 00 00  | ................
0000000000020B50 | DD C6 01 00 00 00 00 00  01 C7 01 00 00 00 00 00  | ................
0000000000020B60 | 1C C7 01 00 00 00 00 00  37 C7 01 00 00 00 00 00  | ........7.......
0000000000020B70 | 52 C7 01 00 00 00 00 00  6D C7 01 00 00 00 00 00  | R.......m.......
0000000000020B80 | 8B C7 01 00 00 00 00 00  A4 C7 01 00 00 00 00 00  | ................
0000000000020B90 | C7 C7 01 00 00 00 00 00  EB C7 01 00 00 00 00 00  | ................
0000000000020BA0 | 0A C6 01 00 00 00 00 00  0C C8 01 00 00 00 00 00  | ................
0000000000020BB0 | 2F C8 01 00 00 00 00 00  5E C8 01 00 00 00 00 00  | /.......^.......
0000000000020BC0 | 83 C8 01 00 00 00 00 00  A9 C8 01 00 00 00 00 00  | ................
0000000000020BD0 | E1 C8 01 00 00 00 00 00  FE C8 01 00 00 00 00 00  | ................
0000000000020BE0 | 20 C9 01 00 00 00 00 00  41 C9 01 00 00 00 00 00  |  .......A.......
0000000000020BF0 | 64 C9 01 00 00 00 00 00  80 C9 01 00 00 00 00 00  | d...............
0000000000020C00 | 9D C9 01 00 00 00 00 00  B9 C9 01 00 00 00 00 00  | ................
0000000000020C10 | EC C9 01 00 00 00 00 00  1C CA 01 00 00 00 00 00  | ................
0000000000020C20 | 3D CA 01 00 00 00 00 00  6C CA 01 00 00 00 00 00  | =.......l.......
0000000000020C30 | 91 CA 01 00 00 00 00 00  CA CA 01 00 00 00 00 00  | ................
0000000000020C40 | 04 CB 01 00 00 00 00 00  55 C3 01 00 00 00 00 00  | ........U.......
0000000000020C50 | 36 00 00 00 00 00 00 00  98 0A 02 00 00 00 00 00  | 6...............
0000000000020C60 | 00 C2 01 00 00 00 00 00  02 00 00 00 00 00 00 00  | ................
0000000000020C70 | 64 C3 01 00 00 00 00 00  00 00 00 00 00 00 00 00  | d...............
0000000000020C80 | 00 00 00 00 00 00 00 00  00 00 00 00 00 00 00 00  | ................
0000000000020C90 | 00 00 00 00 00 00 00 00  6D C3 01 00 00 00 00 00  | ........m.......
0000000000020CA0 | 00 00 00 00 00 00 00 00  00 00 00 00 00 00 00 00  | ................
0000000000020CB0 | 00 00 00 00 00 00 00 00  00 00 00 00 00 00 00 00  | ................
0000000000020CC0 | 80 C3 01 00 00 00 00 00  00 00 00 00 00 00 00 00  | ................
0000000000020CD0 | 00 00 00 00 00 00 00 00  00 00 00 00 00 00 00 00  | ................
0000000000020CE0 | 00 00 00 00 00 00 00 00  64 C3 01 00 00 00 00 00  | ........d.......
0000000000020CF0 | 00 00 00 00 00 00 00 00  00 00 00 00 00 00 00 00  | ................
0000000000020D00 | 00 00 00 00 00 00 00 00  00 00 00 00 00 00 00 00  | ................
0000000000020D10 | 64 C3 01 00 00 00 00 00  00 00 00 00 00 00 00 00  | d...............
0000000000020D20 | 00 00 00 00 00 00 00 00  00 00 00 00 00 00 00 00  | ................
0000000000020D30 | 00 00 00 00 00 00 00 00  91 C3 01 00 00 00 00 00  | ................
0000000000020D40 | 00 00 00 00 00 00 00 00  00 00 00 00 00 00 00 00  | ................
0000000000020D50 | 00 00 00 00 00 00 00 00  00 00 00 00 00 00 00 00  | ................
0000000000020D60 | 9D C3 01 00 00 00 00 00  00 00 00 00 00 00 00 00  | ................
0000000000020D70 | 00 00 00 00 00 00 00 00  00 00 00 00 00 00 00 00  | ................
0000000000020D80 | 00 00 00 00 00 00 00 00  AC C3 01 00 00 00 00 00  | ................
0000000000020D90 | 00 00 00 00 00 00 00 00  00 00 00 00 00 00 00 00  | ................
0000000000020DA0 | 00 00 00 00 00 00 00 00  00 00 00 00 00 00 00 00  | ................
0000000000020DB0 | 5A CB 01 00 00 00 00 00  61 D2 01 00 00 00 00 00  | Z.......a.......
0000000000020DC0 | 5A CB 01 00 00 00 00 00  E8 CF 01 00 00 00 00 00  | Z...............
0000000000020DD0 | 13 D0 01 00 00 00 00 00  3B D0 01 00 00 00 00 00  | ........;.......
0000000000020DE0 | 8C D0 01 00 00 00 00 00  C2 D0 01 00 00 00 00 00  | ................
0000000000020DF0 | 06 D1 01 00 00 00 00 00  40 D1 01 00 00 00 00 00  | ........@.......
0000000000020E00 | 81 D1 01 00 00 00 00 00  BF D1 01 00 00 00 00 00  | ................
0000000000020E10 | 02 D2 01 00 00 00 00 00  37 D2 01 00 00 00 00 00  | ........7.......
0000000000020E20 | 5A CB 01 00 00 00 00 00  6D CB 01 00 00 00 00 00  | Z.......m.......
0000000000020E30 | 8B CB 01 00 00 00 00 00  AD CB 01 00 00 00 00 00  | ................
0000000000020E40 | CE CB 01 00 00 00 00 00  EC CB 01 00 00 00 00 00  | ................
0000000000020E50 | 0C CC 01 00 00 00 00 00  25 CC 01 00 00 00 00 00  | ........%.......
0000000000020E60 | 4B CC 01 00 00 00 00 00  76 CC 01 00 00 00 00 00  | K.......v.......
0000000000020E70 | A2 CC 01 00 00 00 00 00  C3 CC 01 00 00 00 00 00  | ................
0000000000020E80 | FF CC 01 00 00 00 00 00  34 CD 01 00 00 00 00 00  | ........4.......
0000000000020E90 | 77 CD 01 00 00 00 00 00  A4 CD 01 00 00 00 00 00  | w...............
0000000000020EA0 | DF CD 01 00 00 00 00 00  FA CD 01 00 00 00 00 00  | ................
0000000000020EB0 | 33 CE 01 00 00 00 00 00  73 CE 01 00 00 00 00 00  | 3.......s.......
0000000000020EC0 | A4 CE 01 00 00 00 00 00  D9 CE 01 00 00 00 00 00  | ................
0000000000020ED0 | FF CE 01 00 00 00 00 00  19 CF 01 00 00 00 00 00  | ................
0000000000020EE0 | 4E CF 01 00 00 00 00 00  88 CF 01 00 00 00 00 00  | N...............
0000000000020EF0 | AE CF 01 00 00 00 00 00  26 CB 01 00 00 00 00 00  | ........&.......
0000000000020F00 | 02 00 00 00 00 00 00 00  B0 0D 02 00 00 00 00 00  | ................
0000000000020F10 | 00 00 00 00 00 00 00 00  00 00 00 00 00 00 00 00  | ................
0000000000020F20 | 37 CB 01 00 00 00 00 00  0C 00 00 00 00 00 00 00  | 7...............
0000000000020F30 | C0 0D 02 00 00 00 00 00  00 00 00 00 00 00 00 00  | ................
0000000000020F40 | 00 00 00 00 00 00 00 00  4B CB 01 00 00 00 00 00  | ........K.......
0000000000020F50 | 1B 00 00 00 00 00 00 00  20 0E 02 00 00 00 00 00  | ........ .......
0000000000020F60 | 00 00 00 00 00 00 00 00  00 00 00 00 00 00 00 00  | ................
0000000000020F70 | A4 D5 01 00 00 00 00 00  B8 D5 01 00 00 00 00 00  | ................
0000000000020F80 | D4 D5 01 00 00 00 00 00  EC D5 01 00 00 00 00 00  | ................
0000000000020F90 | 10 D6 01 00 00 00 00 00  25 D6 01 00 00 00 00 00  | ........%.......
0000000000020FA0 | 3C D6 01 00 00 00 00 00  5A D6 01 00 00 00 00 00  | <.......Z.......
0000000000020FB0 | 71 D6 01 00 00 00 00 00  8A D6 01 00 00 00 00 00  | q...............
0000000000020FC0 | A8 D6 01 00 00 00 00 00  C6 D6 01 00 00 00 00 00  | ................
0000000000020FD0 | E5 D6 01 00 00 00 00 00  FF D6 01 00 00 00 00 00  | ................
0000000000020FE0 | 18 D7 01 00 00 00 00 00  36 D7 01 00 00 00 00 00  | ........6.......
0000000000020FF0 | 52 D7 01 00 00 00 00 00  70 D7 01 00 00 00 00 00  | R.......p.......
0000000000021000 | 8F D7 01 00 00 00 00 00  B1 D7 01 00 00 00 00 00  | ................
0000000000021010 | CF D7 01 00 00 00 00 00  ED D7 01 00 00 00 00 00  | ................
0000000000021020 | F1 D3 01 00 00 00 00 00  04 D4 01 00 00 00 00 00  | ................
0000000000021030 | 22 D4 01 00 00 00 00 00  39 D4 01 00 00 00 00 00  | ".......9.......
0000000000021040 | 4D D4 01 00 00 00 00 00  65 D4 01 00 00 00 00 00  | M.......e.......
0000000000021050 | 7B D4 01 00 00 00 00 00  92 D4 01 00 00 00 00 00  | {...............
0000000000021060 | B0 D4 01 00 00 00 00 00  C7 D4 01 00 00 00 00 00  | ................
0000000000021070 | DB D4 01 00 00 00 00 00  F1 D4 01 00 00 00 00 00  | ................
0000000000021080 | 08 D5 01 00 00 00 00 00  1D D5 01 00 00 00 00 00  | ................
0000000000021090 | 42 D5 01 00 00 00 00 00  67 D5 01 00 00 00 00 00  | B.......g.......
00000000000210A0 | 85 D5 01 00 00 00 00 00  AB D2 01 00 00 00 00 00  | ................
00000000000210B0 | CF D2 01 00 00 00 00 00  F0 D2 01 00 00 00 00 00  | ................
00000000000210C0 | 10 D3 01 00 00 00 00 00  31 D3 01 00 00 00 00 00  | ........1.......
00000000000210D0 | 55 D3 01 00 00 00 00 00  77 D3 01 00 00 00 00 00  | U.......w.......
00000000000210E0 | 99 D3 01 00 00 00 00 00  BA D3 01 00 00 00 00 00  | ................
00000000000210F0 | D0 D3 01 00 00 00 00 00  8C D2 01 00 00 00 00 00  | ................
0000000000021100 | 16 00 00 00 00 00 00 00  70 0F 02 00 00 00 00 00  | ........p.......
0000000000021110 | 00 00 00 00 00 00 00 00  00 00 00 00 00 00 00 00  | ................
0000000000021120 | 97 D2 01 00 00 00 00 00  11 00 00 00 00 00 00 00  | ................
0000000000021130 | 20 10 02 00 00 00 00 00  00 00 00 00 00 00 00 00  |  ...............
0000000000021140 | 00 00 00 00 00 00 00 00  A1 D2 01 00 00 00 00 00  | ................
0000000000021150 | 0A 00 00 00 00 00 00 00  A8 10 02 00 00 00 00 00  | ................
0000000000021160 | 00 00 00 00 00 00 00 00  00 00 00 00 00 00 00 00  | ................
0000000000021170 | 02 DA 01 00 00 00 00 00  E5 D6 01 00 00 00 00 00  | ................
0000000000021180 | 1B DA 01 00 00 00 00 00  10 D6 01 00 00 00 00 00  | ................
0000000000021190 | 33 DA 01 00 00 00 00 00  25 D6 01 00 00 00 00 00  | 3.......%.......
00000000000211A0 | 3C D6 01 00 00 00 00 00  4B DA 01 00 00 00 00 00  | <.......K.......
00000000000211B0 | 6D DA 01 00 00 00 00 00  89 DA 01 00 00 00 00 00  | m...............
00000000000211C0 | AB DA 01 00 00 00 00 00  CD DA 01 00 00 00 00 00  | ................
00000000000211D0 | E9 D8 01 00 00 00 00 00  01 D9 01 00 00 00 00 00  | ................
00000000000211E0 | 1A D9 01 00 00 00 00 00  31 D9 01 00 00 00 00 00  | ........1.......
00000000000211F0 | 4D D9 01 00 00 00 00 00  69 D9 01 00 00 00 00 00  | M.......i.......
0000000000021200 | 8D D9 01 00 00 00 00 00  AD D9 01 00 00 00 00 00  | ................
0000000000021210 | CB D9 01 00 00 00 00 00  15 D8 01 00 00 00 00 00  | ................
0000000000021220 | 47 D8 01 00 00 00 00 00  F0 D2 01 00 00 00 00 00  | G...............
0000000000021230 | 69 D8 01 00 00 00 00 00  82 D8 01 00 00 00 00 00  | i...............
0000000000021240 | 55 D3 01 00 00 00 00 00  77 D3 01 00 00 00 00 00  | U.......w.......
0000000000021250 | A9 D8 01 00 00 00 00 00  8C D2 01 00 00 00 00 00  | ................
0000000000021260 | 0C 00 00 00 00 00 00 00  70 11 02 00 00 00 00 00  | ........p.......
0000000000021270 | 00 00 00 00 00 00 00 00  00 00 00 00 00 00 00 00  | ................
0000000000021280 | 97 D2 01 00 00 00 00 00  09 00 00 00 00 00 00 00  | ................
0000000000021290 | D0 11 02 00 00 00 00 00  00 00 00 00 00 00 00 00  | ................
00000000000212A0 | 00 00 00 00 00 00 00 00  A1 D2 01 00 00 00 00 00  | ................
00000000000212B0 | 08 00 00 00 00 00 00 00  18 12 02 00 00 00 00 00  | ................
00000000000212C0 | 00 00 00 00 00 00 00 00  00 00 00 00 00 00 00 00  | ................
00000000000212D0 | BC EF 01 00 00 00 00 00  DF EF 01 00 00 00 00 00  | ................
00000000000212E0 | 04 F0 01 00 00 00 00 00  22 F0 01 00 00 00 00 00  | ........".......
00000000000212F0 | 5A CB 01 00 00 00 00 00  A9 EE 01 00 00 00 00 00  | Z...............
0000000000021300 | CD EE 01 00 00 00 00 00  F5 EE 01 00 00 00 00 00  | ................
0000000000021310 | 13 EF 01 00 00 00 00 00  3A EF 01 00 00 00 00 00  | ........:.......
0000000000021320 | 69 EF 01 00 00 00 00 00  8A EF 01 00 00 00 00 00  | i...............
0000000000021330 | 5A CB 01 00 00 00 00 00  38 EE 01 00 00 00 00 00  | Z.......8.......
0000000000021340 | 62 EE 01 00 00 00 00 00  8E EE 01 00 00 00 00 00  | b...............
0000000000021350 | D1 ED 01 00 00 00 00 00  EF ED 01 00 00 00 00 00  | ................
0000000000021360 | 13 EE 01 00 00 00 00 00  5A CB 01 00 00 00 00 00  | ........Z.......
0000000000021370 | EB EC 01 00 00 00 00 00  0E ED 01 00 00 00 00 00  | ................
0000000000021380 | 38 ED 01 00 00 00 00 00  5D ED 01 00 00 00 00 00  | 8.......].......
0000000000021390 | 86 ED 01 00 00 00 00 00  AD ED 01 00 00 00 00 00  | ................
00000000000213A0 | BB EA 01 00 00 00 00 00  D5 EA 01 00 00 00 00 00  | ................
00000000000213B0 | F0 EA 01 00 00 00 00 00  0B EB 01 00 00 00 00 00  | ................
00000000000213C0 | 2B EB 01 00 00 00 00 00  45 EB 01 00 00 00 00 00  | +.......E.......
00000000000213D0 | 5F EB 01 00 00 00 00 00  78 EB 01 00 00 00 00 00  | _.......x.......
00000000000213E0 | 94 EB 01 00 00 00 00 00  AF EB 01 00 00 00 00 00  | ................
00000000000213F0 | CF EB 01 00 00 00 00 00  FB EB 01 00 00 00 00 00  | ................
0000000000021400 | 2C EC 01 00 00 00 00 00  47 EC 01 00 00 00 00 00  | ,.......G.......
0000000000021410 | 69 EC 01 00 00 00 00 00  8E EC 01 00 00 00 00 00  | i...............
0000000000021420 | AD EC 01 00 00 00 00 00  CC EC 01 00 00 00 00 00  | ................
0000000000021430 | FD E9 01 00 00 00 00 00  17 EA 01 00 00 00 00 00  | ................
0000000000021440 | 32 EA 01 00 00 00 00 00  4B EA 01 00 00 00 00 00  | 2.......K.......
0000000000021450 | 64 EA 01 00 00 00 00 00  81 EA 01 00 00 00 00 00  | d...............
0000000000021460 | 08 E9 01 00 00 00 00 00  24 E9 01 00 00 00 00 00  | ........$.......
0000000000021470 | 43 E9 01 00 00 00 00 00  5A E9 01 00 00 00 00 00  | C.......Z.......
0000000000021480 | 74 E9 01 00 00 00 00 00  91 E9 01 00 00 00 00 00  | t...............
0000000000021490 | A9 E9 01 00 00 00 00 00  C4 E9 01 00 00 00 00 00  | ................
00000000000214A0 | E1 E9 01 00 00 00 00 00  7A E6 01 00 00 00 00 00  | ........z.......
00000000000214B0 | 94 E6 01 00 00 00 00 00  AE E6 01 00 00 00 00 00  | ................
00000000000214C0 | CB E6 01 00 00 00 00 00  E5 E6 01 00 00 00 00 00  | ................
00000000000214D0 | FD E6 01 00 00 00 00 00  1C E7 01 00 00 00 00 00  | ................
00000000000214E0 | 34 E7 01 00 00 00 00 00  4D E7 01 00 00 00 00 00  | 4.......M.......
00000000000214F0 | 68 E7 01 00 00 00 00 00  83 E7 01 00 00 00 00 00  | h...............
0000000000021500 | A3 E7 01 00 00 00 00 00  BD E7 01 00 00 00 00 00  | ................
0000000000021510 | DC E7 01 00 00 00 00 00  F7 E7 01 00 00 00 00 00  | ................
0000000000021520 | 12 E8 01 00 00 00 00 00  2E E8 01 00 00 00 00 00  | ................
0000000000021530 | 48 E8 01 00 00 00 00 00  63 E8 01 00 00 00 00 00  | H.......c.......
0000000000021540 | 7E E8 01 00 00 00 00 00  9C E8 01 00 00 00 00 00  | ~...............
0000000000021550 | B9 E8 01 00 00 00 00 00  CD E8 01 00 00 00 00 00  | ................
0000000000021560 | ED E8 01 00 00 00 00 00  D1 E3 01 00 00 00 00 00  | ................
0000000000021570 | EF E3 01 00 00 00 00 00  17 E4 01 00 00 00 00 00  | ................
0000000000021580 | 3D E4 01 00 00 00 00 00  65 E4 01 00 00 00 00 00  | =.......e.......
0000000000021590 | 91 E4 01 00 00 00 00 00  B0 E4 01 00 00 00 00 00  | ................
00000000000215A0 | DC E4 01 00 00 00 00 00  01 E5 01 00 00 00 00 00  | ................
00000000000215B0 | 27 E5 01 00 00 00 00 00  52 E5 01 00 00 00 00 00  | '.......R.......
00000000000215C0 | 78 E5 01 00 00 00 00 00  9F E5 01 00 00 00 00 00  | x...............
00000000000215D0 | C5 E5 01 00 00 00 00 00  E7 E5 01 00 00 00 00 00  | ................
00000000000215E0 | 09 E6 01 00 00 00 00 00  37 E6 01 00 00 00 00 00  | ........7.......
00000000000215F0 | 59 E6 01 00 00 00 00 00  C3 E2 01 00 00 00 00 00  | Y...............
0000000000021600 | E8 E2 01 00 00 00 00 00  10 E3 01 00 00 00 00 00  | ................
0000000000021610 | 39 E3 01 00 00 00 00 00  6F E3 01 00 00 00 00 00  | 9.......o.......
0000000000021620 | A3 E3 01 00 00 00 00 00  EA E1 01 00 00 00 00 00  | ................
0000000000021630 | 08 E2 01 00 00 00 00 00  32 E2 01 00 00 00 00 00  | ........2.......
0000000000021640 | 54 E2 01 00 00 00 00 00  75 E2 01 00 00 00 00 00  | T.......u.......
0000000000021650 | 9D E2 01 00 00 00 00 00  E3 E0 01 00 00 00 00 00  | ................
0000000000021660 | 04 E1 01 00 00 00 00 00  26 E1 01 00 00 00 00 00  | ........&.......
0000000000021670 | 4D E1 01 00 00 00 00 00  75 E1 01 00 00 00 00 00  | M.......u.......
0000000000021680 | 9C E1 01 00 00 00 00 00  C2 E1 01 00 00 00 00 00  | ................
0000000000021690 | A0 DD 01 00 00 00 00 00  C3 DD 01 00 00 00 00 00  | ................
00000000000216A0 | DF DD 01 00 00 00 00 00  FE DD 01 00 00 00 00 00  | ................
00000000000216B0 | 18 DE 01 00 00 00 00 00  18 DE 01 00 00 00 00 00  | ................
00000000000216C0 | 18 DE 01 00 00 00 00 00  18 DE 01 00 00 00 00 00  | ................
00000000000216D0 | 37 DE 01 00 00 00 00 00  18 DE 01 00 00 00 00 00  | 7...............
00000000000216E0 | 18 DE 01 00 00 00 00 00  51 DE 01 00 00 00 00 00  | ........Q.......
00000000000216F0 | 73 DE 01 00 00 00 00 00  94 DE 01 00 00 00 00 00  | s...............
0000000000021700 | AF DE 01 00 00 00 00 00  CE DE 01 00 00 00 00 00  | ................
0000000000021710 | EE DE 01 00 00 00 00 00  08 DF 01 00 00 00 00 00  | ................
0000000000021720 | 2B DF 01 00 00 00 00 00  49 DF 01 00 00 00 00 00  | +.......I.......
0000000000021730 | 6A DF 01 00 00 00 00 00  89 DF 01 00 00 00 00 00  | j...............
0000000000021740 | A9 DF 01 00 00 00 00 00  C9 DF 01 00 00 00 00 00  | ................
0000000000021750 | F6 DF 01 00 00 00 00 00  1E E0 01 00 00 00 00 00  | ................
0000000000021760 | 41 E0 01 00 00 00 00 00  65 E0 01 00 00 00 00 00  | A.......e.......
0000000000021770 | 8D E0 01 00 00 00 00 00  B8 E0 01 00 00 00 00 00  | ................
0000000000021780 | 08 DC 01 00 00 00 00 00  27 DC 01 00 00 00 00 00  | ........'.......
0000000000021790 | 41 DC 01 00 00 00 00 00  64 DC 01 00 00 00 00 00  | A.......d.......
00000000000217A0 | 84 DC 01 00 00 00 00 00  A3 DC 01 00 00 00 00 00  | ................
00000000000217B0 | C1 DC 01 00 00 00 00 00  E1 DC 01 00 00 00 00 00  | ................
00000000000217C0 | 03 DD 01 00 00 00 00 00  24 DD 01 00 00 00 00 00  | ........$.......
00000000000217D0 | 4A DD 01 00 00 00 00 00  68 DD 01 00 00 00 00 00  | J.......h.......
00000000000217E0 | 86 DD 01 00 00 00 00 00  00 DB 01 00 00 00 00 00  | ................
00000000000217F0 | 04 00 00 00 00 00 00 00  D0 12 02 00 00 00 00 00  | ................
0000000000021800 | 00 00 00 00 00 00 00 00  00 00 00 00 00 00 00 00  | ................
0000000000021810 | 11 DB 01 00 00 00 00 00  08 00 00 00 00 00 00 00  | ................
0000000000021820 | F0 12 02 00 00 00 00 00  00 00 00 00 00 00 00 00  | ................
0000000000021830 | 00 00 00 00 00 00 00 00  22 DB 01 00 00 00 00 00  | ........".......
0000000000021840 | 04 00 00 00 00 00 00 00  30 13 02 00 00 00 00 00  | ........0.......
0000000000021850 | 00 00 00 00 00 00 00 00  00 00 00 00 00 00 00 00  | ................
0000000000021860 | 31 DB 01 00 00 00 00 00  03 00 00 00 00 00 00 00  | 1...............
0000000000021870 | 50 13 02 00 00 00 00 00  00 00 00 00 00 00 00 00  | P...............
0000000000021880 | 00 00 00 00 00 00 00 00  44 DB 01 00 00 00 00 00  | ........D.......
0000000000021890 | 01 00 00 00 00 00 00 00  68 13 02 00 00 00 00 00  | ........h.......
00000000000218A0 | 00 00 00 00 00 00 00 00  00 00 00 00 00 00 00 00  | ................
00000000000218B0 | 51 DB 01 00 00 00 00 00  06 00 00 00 00 00 00 00  | Q...............
00000000000218C0 | 70 13 02 00 00 00 00 00  00 00 00 00 00 00 00 00  | p...............
00000000000218D0 | 00 00 00 00 00 00 00 00  66 DB 01 00 00 00 00 00  | ........f.......
00000000000218E0 | 12 00 00 00 00 00 00 00  A0 13 02 00 00 00 00 00  | ................
00000000000218F0 | 00 00 00 00 00 00 00 00  00 00 00 00 00 00 00 00  | ................
0000000000021900 | 72 DB 01 00 00 00 00 00  06 00 00 00 00 00 00 00  | r...............
0000000000021910 | 30 14 02 00 00 00 00 00  00 00 00 00 00 00 00 00  | 0...............
0000000000021920 | 00 00 00 00 00 00 00 00  7E DB 01 00 00 00 00 00  | ........~.......
0000000000021930 | 09 00 00 00 00 00 00 00  60 14 02 00 00 00 00 00  | ........`.......
0000000000021940 | 00 00 00 00 00 00 00 00  00 00 00 00 00 00 00 00  | ................
0000000000021950 | 8C DB 01 00 00 00 00 00  18 00 00 00 00 00 00 00  | ................
0000000000021960 | A8 14 02 00 00 00 00 00  00 00 00 00 00 00 00 00  | ................
0000000000021970 | 00 00 00 00 00 00 00 00  98 DB 01 00 00 00 00 00  | ................
0000000000021980 | 12 00 00 00 00 00 00 00  68 15 02 00 00 00 00 00  | ........h.......
0000000000021990 | 00 00 00 00 00 00 00 00  00 00 00 00 00 00 00 00  | ................
00000000000219A0 | A8 DB 01 00 00 00 00 00  06 00 00 00 00 00 00 00  | ................
00000000000219B0 | F8 15 02 00 00 00 00 00  00 00 00 00 00 00 00 00  | ................
00000000000219C0 | 00 00 00 00 00 00 00 00  BF DB 01 00 00 00 00 00  | ................
00000000000219D0 | 06 00 00 00 00 00 00 00  28 16 02 00 00 00 00 00  | ........(.......
00000000000219E0 | 00 00 00 00 00 00 00 00  00 00 00 00 00 00 00 00  | ................
00000000000219F0 | CF DB 01 00 00 00 00 00  07 00 00 00 00 00 00 00  | ................
0000000000021A00 | 58 16 02 00 00 00 00 00  00 00 00 00 00 00 00 00  | X...............
0000000000021A10 | 00 00 00 00 00 00 00 00  E2 DB 01 00 00 00 00 00  | ................
0000000000021A20 | 1E 00 00 00 00 00 00 00  90 16 02 00 00 00 00 00  | ................
0000000000021A30 | 00 00 00 00 00 00 00 00  00 00 00 00 00 00 00 00  | ................
0000000000021A40 | F7 DB 01 00 00 00 00 00  0D 00 00 00 00 00 00 00  | ................
0000000000021A50 | 80 17 02 00 00 00 00 00  00 00 00 00 00 00 00 00  | ................
0000000000021A60 | 00 00 00 00 00 00 00 00  35 FA 01 00 00 00 00 00  | ........5.......
0000000000021A70 | 4A FA 01 00 00 00 00 00  64 FA 01 00 00 00 00 00  | J.......d.......
0000000000021A80 | 81 FA 01 00 00 00 00 00  9E FA 01 00 00 00 00 00  | ................
0000000000021A90 | B9 FA 01 00 00 00 00 00  CB FA 01 00 00 00 00 00  | ................
0000000000021AA0 | E7 FA 01 00 00 00 00 00  FE FA 01 00 00 00 00 00  | ................
0000000000021AB0 | 12 FB 01 00 00 00 00 00  2B FB 01 00 00 00 00 00  | ........+.......
0000000000021AC0 | 42 FB 01 00 00 00 00 00  5B FB 01 00 00 00 00 00  | B.......[.......
0000000000021AD0 | 70 FB 01 00 00 00 00 00  86 FB 01 00 00 00 00 00  | p...............
0000000000021AE0 | 98 FB 01 00 00 00 00 00  AF FB 01 00 00 00 00 00  | ................
0000000000021AF0 | C6 FB 01 00 00 00 00 00  DE FB 01 00 00 00 00 00  | ................
0000000000021B00 | F6 FB 01 00 00 00 00 00  0F FC 01 00 00 00 00 00  | ................
0000000000021B10 | 2C FC 01 00 00 00 00 00  43 FC 01 00 00 00 00 00  | ,.......C.......
0000000000021B20 | 5A FC 01 00 00 00 00 00  73 FC 01 00 00 00 00 00  | Z.......s.......
0000000000021B30 | 8F FC 01 00 00 00 00 00  AD FC 01 00 00 00 00 00  | ................
0000000000021B40 | CD FC 01 00 00 00 00 00  E4 FC 01 00 00 00 00 00  | ................
0000000000021B50 | FD FC 01 00 00 00 00 00  16 FD 01 00 00 00 00 00  | ................
0000000000021B60 | 30 FD 01 00 00 00 00 00  46 FD 01 00 00 00 00 00  | 0.......F.......
0000000000021B70 | 64 FD 01 00 00 00 00 00  7D FD 01 00 00 00 00 00  | d.......}.......
0000000000021B80 | 9E FD 01 00 00 00 00 00  B9 FD 01 00 00 00 00 00  | ................
0000000000021B90 | D1 FD 01 00 00 00 00 00  ED FD 01 00 00 00 00 00  | ................
0000000000021BA0 | 0A FE 01 00 00 00 00 00  22 FE 01 00 00 00 00 00  | ........".......
0000000000021BB0 | 42 FE 01 00 00 00 00 00  5F FE 01 00 00 00 00 00  | B......._.......
0000000000021BC0 | 7D FE 01 00 00 00 00 00  96 FE 01 00 00 00 00 00  | }...............
0000000000021BD0 | B1 FE 01 00 00 00 00 00  CF FE 01 00 00 00 00 00  | ................
0000000000021BE0 | EF FE 01 00 00 00 00 00  5A CB 01 00 00 00 00 00  | ........Z.......
0000000000021BF0 | 5D F0 01 00 00 00 00 00  7B F0 01 00 00 00 00 00  | ].......{.......
0000000000021C00 | A6 F0 01 00 00 00 00 00  C0 F0 01 00 00 00 00 00  | ................
0000000000021C10 | E2 F0 01 00 00 00 00 00  F6 F0 01 00 00 00 00 00  | ................
0000000000021C20 | 16 F1 01 00 00 00 00 00  3A F1 01 00 00 00 00 00  | ........:.......
0000000000021C30 | 65 F1 01 00 00 00 00 00  8A F1 01 00 00 00 00 00  | e...............
0000000000021C40 | B3 F1 01 00 00 00 00 00  DD F1 01 00 00 00 00 00  | ................
0000000000021C50 | FB F1 01 00 00 00 00 00  13 F2 01 00 00 00 00 00  | ................
0000000000021C60 | 31 F2 01 00 00 00 00 00  5F F2 01 00 00 00 00 00  | 1......._.......
0000000000021C70 | 7B F2 01 00 00 00 00 00  99 F2 01 00 00 00 00 00  | {...............
0000000000021C80 | F6 F0 01 00 00 00 00 00  B5 F2 01 00 00 00 00 00  | ................
0000000000021C90 | D9 F2 01 00 00 00 00 00  F9 F2 01 00 00 00 00 00  | ................
0000000000021CA0 | 14 F3 01 00 00 00 00 00  3B F3 01 00 00 00 00 00  | ........;.......
0000000000021CB0 | 6A F3 01 00 00 00 00 00  94 F3 01 00 00 00 00 00  | j...............
0000000000021CC0 | BA F3 01 00 00 00 00 00  D6 F3 01 00 00 00 00 00  | ................
0000000000021CD0 | FB F3 01 00 00 00 00 00  1A F4 01 00 00 00 00 00  | ................
0000000000021CE0 | 3A F4 01 00 00 00 00 00  53 F4 01 00 00 00 00 00  | :.......S.......
0000000000021CF0 | 69 F4 01 00 00 00 00 00  89 F4 01 00 00 00 00 00  | i...............
0000000000021D00 | AA F4 01 00 00 00 00 00  D4 F4 01 00 00 00 00 00  | ................
0000000000021D10 | FB F4 01 00 00 00 00 00  26 F5 01 00 00 00 00 00  | ........&.......
0000000000021D20 | 60 F5 01 00 00 00 00 00  8A F5 01 00 00 00 00 00  | `...............
0000000000021D30 | A8 F5 01 00 00 00 00 00  D8 F5 01 00 00 00 00 00  | ................
0000000000021D40 | 02 F6 01 00 00 00 00 00  2B F6 01 00 00 00 00 00  | ........+.......
0000000000021D50 | 52 F6 01 00 00 00 00 00  82 F6 01 00 00 00 00 00  | R...............
0000000000021D60 | AD F6 01 00 00 00 00 00  EA F6 01 00 00 00 00 00  | ................
0000000000021D70 | 0E F7 01 00 00 00 00 00  37 F7 01 00 00 00 00 00  | ........7.......
0000000000021D80 | 51 F7 01 00 00 00 00 00  72 F7 01 00 00 00 00 00  | Q.......r.......
0000000000021D90 | A0 F7 01 00 00 00 00 00  C6 F7 01 00 00 00 00 00  | ................
0000000000021DA0 | E9 F7 01 00 00 00 00 00  10 F8 01 00 00 00 00 00  | ................
0000000000021DB0 | 36 F8 01 00 00 00 00 00  58 F8 01 00 00 00 00 00  | 6.......X.......
0000000000021DC0 | 83 F8 01 00 00 00 00 00  AF F8 01 00 00 00 00 00  | ................
0000000000021DD0 | CE F8 01 00 00 00 00 00  EF F8 01 00 00 00 00 00  | ................
0000000000021DE0 | 1B F9 01 00 00 00 00 00  4C F9 01 00 00 00 00 00  | ........L.......
0000000000021DF0 | 63 F9 01 00 00 00 00 00  87 F9 01 00 00 00 00 00  | c...............
0000000000021E00 | A8 F9 01 00 00 00 00 00  D8 F9 01 00 00 00 00 00  | ................
0000000000021E10 | 04 FA 01 00 00 00 00 00  42 F0 01 00 00 00 00 00  | ........B.......
0000000000021E20 | 30 00 00 00 00 00 00 00  68 1A 02 00 00 00 00 00  | 0.......h.......
0000000000021E30 | 00 00 00 00 00 00 00 00  00 00 00 00 00 00 00 00  | ................
0000000000021E40 | 4C F0 01 00 00 00 00 00  00 00 00 00 00 00 00 00  | L...............
0000000000021E50 | 00 00 00 00 00 00 00 00  00 00 00 00 00 00 00 00  | ................
0000000000021E60 | 00 00 00 00 00 00 00 00  4C F0 01 00 00 00 00 00  | ........L.......
0000000000021E70 | 00 00 00 00 00 00 00 00  00 00 00 00 00 00 00 00  | ................
0000000000021E80 | 00 00 00 00 00 00 00 00  00 00 00 00 00 00 00 00  | ................
0000000000021E90 | 53 F0 01 00 00 00 00 00  46 00 00 00 00 00 00 00  | S.......F.......
0000000000021EA0 | E8 1B 02 00 00 00 00 00  00 00 00 00 00 00 00 00  | ................
0000000000021EB0 | 00 00 00 00 00 00 00 00  00 00 00 00 00 00 00 00  | ................
0000000000021EC0 | 00 00 00 00 00 00 00 00  00 00 00 00 00 00 00 00  | ................
0000000000021ED0 | 00 00 00 00 00 00 00 00  00 00 00 00 00 00 00 00  | ................
0000000000021EE0 | 00 00 00 00 00 00 00 00  00 00 00 00 00 00 00 00  | ................
0000000000021EF0 | 00 00 00 00 00 00 00 00  00 00 00 00 00 00 00 00  | ................
0000000000021F00 | 00 00 00 00 00 00 00 00  00 00 00 00 00 00 00 00  | ................
0000000000021F10 | 00 00 00 00 00 00 00 00  00 00 00 00 00 00 00 00  | ................
0000000000021F20 | 00 00 00 00 00 00 00 00  00 00 00 00 00 00 00 00  | ................
0000000000021F30 | 00 00 00 00 00 00 00 00  00 00 00 00 00 00 00 00  | ................
0000000000021F40 | 00 00 00 00 00 00 00 00  00 00 00 00 00 00 00 00  | ................
0000000000021F50 | 00 00 00 00 00 00 00 00  00 00 00 00 00 00 00 00  | ................
0000000000021F60 | 00 00 00 00 00 00 00 00  00 00 00 00 00 00 00 00  | ................
0000000000021F70 | 00 00 00 00 00 00 00 00  00 00 00 00 00 00 00 00  | ................
0000000000021F80 | 00 00 00 00 00 00 00 00  00 00 00 00 00 00 00 00  | ................
0000000000021F90 | 00 00 00 00 00 00 00 00  00 00 00 00 00 00 00 00  | ................
0000000000021FA0 | 00 00 00 00 00 00 00 00  00 00 00 00 00 00 00 00  | ................
0000000000021FB0 | 00 00 00 00 00 00 00 00  00 00 00 00 00 00 00 00  | ................
0000000000021FC0 | 00 00 00 00 00 00 00 00  00 00 00 00 00 00 00 00  | ................
0000000000021FD0 | 00 00 00 00 00 00 00 00  00 00 00 00 00 00 00 00  | ................
0000000000021FE0 | 00 00 00 00 00 00 00 00  00 00 00 00 00 00 00 00  | ................
0000000000021FF0 | 00 00 00 00 00 00 00 00  00 00 00 00 00 00 00 00  | ................
