# Memory dump: 0x100b8 - 0x10118
# Segment: __objc_const
#============================================================================

# Address        | Hex Bytes                                       | ASCII
#----------------------------------------------------------------------------
00000000000100B8 | 18 00 00 00 01 00 00 00  B0 FE 00 00 00 00 00 00  | ................
00000000000100C8 | 11 FF 00 00 00 00 00 00  00 5D 00 00 00 00 00 00  | .........]......
00000000000100D8 | 06 FF 00 00 00 00 00 00  58 2F 01 00 00 00 00 00  | ........X/......
00000000000100E8 | B8 00 01 00 00 00 00 00  00 00 00 00 00 00 00 00  | ................
00000000000100F8 | 00 00 00 00 00 00 00 00  00 00 00 00 00 00 00 00  | ................
0000000000010108 | 00 00 00 00 00 00 00 00  40 00 00 00 00 00 00 00  | ........@.......
