# Memory dump: 0x1001ea0a8 - 0x1001ea118
# Segment: __objc_ivar
#============================================================================

# Address        | Hex Bytes                                       | ASCII
#----------------------------------------------------------------------------
00000001001EA0A8 | 48 00 00 00 D0 01 00 00  D8 01 00 00 E0 01 00 00  | H...............
00000001001EA0B8 | C8 01 00 00 08 00 00 00  09 00 00 00 10 00 00 00  | ................
00000001001EA0C8 | 08 00 00 00 09 00 00 00  10 00 00 00 18 00 00 00  | ................
00000001001EA0D8 | 20 00 00 00 28 00 00 00  30 00 00 00 38 00 00 00  |  ...(...0...8...
00000001001EA0E8 | 40 00 00 00 08 00 00 00  10 00 00 00 08 00 00 00  | @...............
00000001001EA0F8 | D8 01 00 00 E0 01 00 00  F0 01 00 00 E8 01 00 00  | ................
00000001001EA108 | C8 01 00 00 48 00 00 00  D0 01 00 00 00 00 00 00  | ....H...........
