# Memory dump: 0x1001e8660 - 0x1001e8930
# Segment: __const
#============================================================================

# Address        | Hex Bytes                                       | ASCII
#----------------------------------------------------------------------------
00000001001E8660 | 00 00 00 00 00 00 00 00  20 00 00 00 00 00 00 00  | ........ .......
00000001001E8670 | D9 5B 1E 00 01 00 00 00  00 00 00 00 00 00 00 00  | .[..............
00000001001E8680 | A8 5A 2A 00 01 00 00 00  00 00 00 50 00 00 00 00  | .Z*........P....
00000001001E8690 | 18 56 00 00 01 00 00 00  60 86 1E 00 01 00 00 00  | .V......`.......
00000001001E86A0 | A8 5A 2A 00 01 00 00 00  00 00 00 50 00 00 00 00  | .Z*........P....
00000001001E86B0 | 2C 61 00 00 01 00 00 00  60 86 1E 00 01 00 00 00  | ,a......`.......
00000001001E86C0 | A8 5A 2A 00 01 00 00 00  00 00 00 50 00 00 00 00  | .Z*........P....
00000001001E86D0 | 1C 6A 00 00 01 00 00 00  60 86 1E 00 01 00 00 00  | .j......`.......
00000001001E86E0 | A8 5A 2A 00 01 00 00 00  00 00 00 50 00 00 00 00  | .Z*........P....
00000001001E86F0 | AC 75 00 00 01 00 00 00  60 86 1E 00 01 00 00 00  | .u......`.......
00000001001E8700 | 00 00 00 00 00 00 00 00  30 00 00 00 00 00 00 00  | ........0.......
00000001001E8710 | BC 36 01 00 01 00 00 00  AC 3C 01 00 01 00 00 00  | .6.......<......
00000001001E8720 | F7 5B 1E 00 01 00 00 00  00 02 00 00 00 00 00 00  | .[..............
00000001001E8730 | 00 00 00 00 00 00 00 00  28 00 00 00 00 00 00 00  | ........(.......
00000001001E8740 | 38 2E 01 00 01 00 00 00  B0 30 01 00 01 00 00 00  | 8........0......
00000001001E8750 | F7 5B 1E 00 01 00 00 00  00 01 00 00 00 00 00 00  | .[..............
00000001001E8760 | 00 00 00 00 00 00 00 00  28 00 00 00 00 00 00 00  | ........(.......
00000001001E8770 | 38 2E 01 00 01 00 00 00  B0 30 01 00 01 00 00 00  | 8........0......
00000001001E8780 | 10 5C 1E 00 01 00 00 00  00 01 00 00 00 00 00 00  | .\..............
00000001001E8790 | 18 00 00 00 01 00 00 00  FD 5B 1E 00 01 00 00 00  | .........[......
00000001001E87A0 | 08 5C 1E 00 01 00 00 00  38 63 10 00 01 00 00 00  | .\......8c......
00000001001E87B0 | 50 89 1E 00 01 00 00 00  00 00 00 00 00 00 00 00  | P...............
00000001001E87C0 | 38 00 00 00 00 00 00 00  E0 C0 11 00 01 00 00 00  | 8...............
00000001001E87D0 | 98 C3 11 00 01 00 00 00  D9 5B 1E 00 01 00 00 00  | .........[......
00000001001E87E0 | 10 02 00 00 00 00 00 00  00 00 00 00 00 00 00 00  | ................
00000001001E87F0 | 18 00 00 00 01 00 00 00  FD 5B 1E 00 01 00 00 00  | .........[......
00000001001E8800 | 08 5C 1E 00 01 00 00 00  C4 D3 13 00 01 00 00 00  | .\..............
00000001001E8810 | 00 00 00 00 00 00 00 00  20 00 00 00 00 00 00 00  | ........ .......
00000001001E8820 | 5D 5C 1E 00 01 00 00 00  00 00 00 00 00 00 00 00  | ]\..............
00000001001E8830 | A8 5A 2A 00 01 00 00 00  00 00 00 50 00 00 00 00  | .Z*........P....
00000001001E8840 | 68 86 16 00 01 00 00 00  10 88 1E 00 01 00 00 00  | h...............
00000001001E8850 | A8 5A 2A 00 01 00 00 00  00 00 00 50 00 00 00 00  | .Z*........P....
00000001001E8860 | 54 BC 17 00 01 00 00 00  10 88 1E 00 01 00 00 00  | T...............
00000001001E8870 | 00 00 00 00 00 00 00 00  20 00 00 00 00 00 00 00  | ........ .......
00000001001E8880 | 6F 5C 1E 00 01 00 00 00  00 00 00 00 00 00 00 00  | o\..............
00000001001E8890 | A8 5A 2A 00 01 00 00 00  00 00 00 50 00 00 00 00  | .Z*........P....
00000001001E88A0 | E4 D3 1A 00 01 00 00 00  70 88 1E 00 01 00 00 00  | ........p.......
00000001001E88B0 | A8 5A 2A 00 01 00 00 00  00 00 00 50 00 00 00 00  | .Z*........P....
00000001001E88C0 | 94 EF 1A 00 01 00 00 00  60 86 1E 00 01 00 00 00  | ........`.......
00000001001E88D0 | A8 5A 2A 00 01 00 00 00  00 00 00 50 00 00 00 00  | .Z*........P....
00000001001E88E0 | A8 FB 1A 00 01 00 00 00  60 86 1E 00 01 00 00 00  | ........`.......
00000001001E88F0 | A8 5A 2A 00 01 00 00 00  00 00 00 50 00 00 00 00  | .Z*........P....
00000001001E8900 | FC 06 1B 00 01 00 00 00  60 86 1E 00 01 00 00 00  | ........`.......
00000001001E8910 | A8 5A 2A 00 01 00 00 00  00 00 00 50 00 00 00 00  | .Z*........P....
00000001001E8920 | 10 0E 1B 00 01 00 00 00  60 86 1E 00 01 00 00 00  | ........`.......
