# Memory dump: 0x1001e8000 - 0x1001e8160
# Segment: __got
#============================================================================

# Address        | Hex Bytes                                       | ASCII
#----------------------------------------------------------------------------
00000001001E8000 | A0 5A 2A 00 01 00 00 00  E0 58 2A 00 01 00 00 00  | .Z*......X*.....
00000001001E8010 | E8 58 2A 00 01 00 00 00  F0 58 2A 00 01 00 00 00  | .X*......X*.....
00000001001E8020 | F8 58 2A 00 01 00 00 00  00 59 2A 00 01 00 00 00  | .X*......Y*.....
00000001001E8030 | 08 59 2A 00 01 00 00 00  10 59 2A 00 01 00 00 00  | .Y*......Y*.....
00000001001E8040 | 18 59 2A 00 01 00 00 00  E8 5D 2A 00 01 00 00 00  | .Y*......]*.....
00000001001E8050 | B0 5A 2A 00 01 00 00 00  F8 5D 2A 00 01 00 00 00  | .Z*......]*.....
00000001001E8060 | C0 59 2A 00 01 00 00 00  B8 5A 2A 00 01 00 00 00  | .Y*......Z*.....
00000001001E8070 | C0 5A 2A 00 01 00 00 00  C8 5A 2A 00 01 00 00 00  | .Z*......Z*.....
00000001001E8080 | D0 5A 2A 00 01 00 00 00  D8 5A 2A 00 01 00 00 00  | .Z*......Z*.....
00000001001E8090 | 00 5E 2A 00 01 00 00 00  08 5E 2A 00 01 00 00 00  | .^*......^*.....
00000001001E80A0 | 10 5E 2A 00 01 00 00 00  F8 57 2A 00 01 00 00 00  | .^*......W*.....
00000001001E80B0 | 00 58 2A 00 01 00 00 00  08 58 2A 00 01 00 00 00  | .X*......X*.....
00000001001E80C0 | 10 58 2A 00 01 00 00 00  18 58 2A 00 01 00 00 00  | .X*......X*.....
00000001001E80D0 | 20 58 2A 00 01 00 00 00  28 58 2A 00 01 00 00 00  |  X*.....(X*.....
00000001001E80E0 | 30 58 2A 00 01 00 00 00  38 58 2A 00 01 00 00 00  | 0X*.....8X*.....
00000001001E80F0 | 40 58 2A 00 01 00 00 00  48 58 2A 00 01 00 00 00  | @X*.....HX*.....
00000001001E8100 | 50 58 2A 00 01 00 00 00  58 58 2A 00 01 00 00 00  | PX*.....XX*.....
00000001001E8110 | 60 58 2A 00 01 00 00 00  68 58 2A 00 01 00 00 00  | `X*.....hX*.....
00000001001E8120 | 70 58 2A 00 01 00 00 00  78 58 2A 00 01 00 00 00  | pX*.....xX*.....
00000001001E8130 | 80 58 2A 00 01 00 00 00  88 58 2A 00 01 00 00 00  | .X*......X*.....
00000001001E8140 | 90 58 2A 00 01 00 00 00  D0 59 2A 00 01 00 00 00  | .X*......Y*.....
00000001001E8150 | D8 59 2A 00 01 00 00 00  E0 5A 2A 00 01 00 00 00  | .Y*......Z*.....
