# Memory dump: 0x1001e89c8 - 0x1001e9560
# Segment: __objc_const
#============================================================================

# Address        | Hex Bytes                                       | ASCII
#----------------------------------------------------------------------------
00000001001E89C8 | 95 01 00 00 28 00 00 00  28 00 00 00 00 00 00 00  | ....(...(.......
00000001001E89D8 | 00 00 00 00 00 00 00 00  47 79 1E 00 01 00 00 00  | ........Gy......
00000001001E89E8 | 50 8B 1E 00 01 00 00 00  00 00 00 00 00 00 00 00  | P...............
00000001001E89F8 | 00 00 00 00 00 00 00 00  00 00 00 00 00 00 00 00  | ................
00000001001E8A08 | 00 00 00 00 00 00 00 00  20 00 00 00 05 00 00 00  | ........ .......
00000001001E8A18 | A8 A0 1E 00 01 00 00 00  E0 66 1E 00 01 00 00 00  | .........f......
00000001001E8A28 | D3 79 1E 00 01 00 00 00  02 00 00 00 80 01 00 00  | .y..............
00000001001E8A38 | B8 A0 1E 00 01 00 00 00  7D 62 1E 00 01 00 00 00  | ........}b......
00000001001E8A48 | E2 79 1E 00 01 00 00 00  00 00 00 00 01 00 00 00  | .y..............
00000001001E8A58 | AC A0 1E 00 01 00 00 00  97 62 1E 00 01 00 00 00  | .........b......
00000001001E8A68 | E4 79 1E 00 01 00 00 00  03 00 00 00 08 00 00 00  | .y..............
00000001001E8A78 | B0 A0 1E 00 01 00 00 00  08 62 1E 00 01 00 00 00  | .........b......
00000001001E8A88 | E4 79 1E 00 01 00 00 00  03 00 00 00 08 00 00 00  | .y..............
00000001001E8A98 | B4 A0 1E 00 01 00 00 00  C9 5E 1E 00 01 00 00 00  | .........^......
00000001001E8AA8 | E4 79 1E 00 01 00 00 00  03 00 00 00 08 00 00 00  | .y..............
00000001001E8AB8 | 10 00 00 00 04 00 00 00  1D 79 1E 00 01 00 00 00  | .........y......
00000001001E8AC8 | 97 5F 1E 00 01 00 00 00  D7 66 1E 00 01 00 00 00  | ._.......f......
00000001001E8AD8 | 0F 5D 1E 00 01 00 00 00  8F 61 1E 00 01 00 00 00  | .].......a......
00000001001E8AE8 | 52 5F 1E 00 01 00 00 00  B0 71 1E 00 01 00 00 00  | R_.......q......
00000001001E8AF8 | D2 5C 1E 00 01 00 00 00  94 01 00 00 48 00 00 00  | .\..........H...
00000001001E8B08 | E8 01 00 00 00 00 00 00  50 79 1E 00 01 00 00 00  | ........Py......
00000001001E8B18 | 47 79 1E 00 01 00 00 00  48 8B 1E 00 01 00 00 00  | Gy......H.......
00000001001E8B28 | 00 00 00 00 00 00 00 00  10 8A 1E 00 01 00 00 00  | ................
00000001001E8B38 | 00 00 00 00 00 00 00 00  B8 8A 1E 00 01 00 00 00  | ................
00000001001E8B48 | 18 00 00 00 00 00 00 00  18 00 00 00 01 00 00 00  | ................
00000001001E8B58 | FD 5B 1E 00 01 00 00 00  08 5C 1E 00 01 00 00 00  | .[.......\......
00000001001E8B68 | 44 7F 01 00 01 00 00 00  91 00 00 00 28 00 00 00  | D...........(...
00000001001E8B78 | 28 00 00 00 00 00 00 00  00 00 00 00 00 00 00 00  | (...............
00000001001E8B88 | 55 79 1E 00 01 00 00 00  00 8C 1E 00 01 00 00 00  | Uy..............
00000001001E8B98 | 00 00 00 00 00 00 00 00  00 00 00 00 00 00 00 00  | ................
00000001001E8BA8 | 00 00 00 00 00 00 00 00  00 00 00 00 00 00 00 00  | ................
00000001001E8BB8 | 90 00 00 00 08 00 00 00  08 00 00 00 00 00 00 00  | ................
00000001001E8BC8 | 00 00 00 00 00 00 00 00  55 79 1E 00 01 00 00 00  | ........Uy......
00000001001E8BD8 | 00 00 00 00 00 00 00 00  00 00 00 00 00 00 00 00  | ................
00000001001E8BE8 | 00 00 00 00 00 00 00 00  00 00 00 00 00 00 00 00  | ................
00000001001E8BF8 | 00 00 00 00 00 00 00 00  18 00 00 00 01 00 00 00  | ................
00000001001E8C08 | FD 5B 1E 00 01 00 00 00  08 5C 1E 00 01 00 00 00  | .[.......\......
00000001001E8C18 | 04 A9 03 00 01 00 00 00  5E 79 1E 00 01 00 00 00  | ........^y......
00000001001E8C28 | 98 5D 2A 00 01 00 00 00  D8 A1 1E 00 01 00 00 00  | .]*.............
00000001001E8C38 | B8 A1 1E 00 01 00 00 00  00 00 00 00 00 00 00 00  | ................
00000001001E8C48 | 00 00 00 00 00 00 00 00  00 00 00 00 00 00 00 00  | ................
00000001001E8C58 | 40 00 00 00 00 00 00 00  95 01 00 00 28 00 00 00  | @...........(...
00000001001E8C68 | 28 00 00 00 00 00 00 00  00 00 00 00 00 00 00 00  | (...............
00000001001E8C78 | 67 79 1E 00 01 00 00 00  90 87 1E 00 01 00 00 00  | gy..............
00000001001E8C88 | 00 00 00 00 00 00 00 00  00 00 00 00 00 00 00 00  | ................
00000001001E8C98 | 00 00 00 00 00 00 00 00  00 00 00 00 00 00 00 00  | ................
00000001001E8CA8 | 20 00 00 00 03 00 00 00  BC A0 1E 00 01 00 00 00  |  ...............
00000001001E8CB8 | 8E 6A 1E 00 01 00 00 00  E2 79 1E 00 01 00 00 00  | .j.......y......
00000001001E8CC8 | 00 00 00 00 01 00 00 00  C0 A0 1E 00 01 00 00 00  | ................
00000001001E8CD8 | E6 60 1E 00 01 00 00 00  E2 79 1E 00 01 00 00 00  | .`.......y......
00000001001E8CE8 | 00 00 00 00 01 00 00 00  C4 A0 1E 00 01 00 00 00  | ................
00000001001E8CF8 | 12 62 1E 00 01 00 00 00  12 7A 1E 00 01 00 00 00  | .b.......z......
00000001001E8D08 | 03 00 00 00 08 00 00 00  10 00 00 00 01 00 00 00  | ................
00000001001E8D18 | 7B 68 1E 00 01 00 00 00  E2 5C 1E 00 01 00 00 00  | {h.......\......
00000001001E8D28 | 94 01 00 00 08 00 00 00  18 00 00 00 00 00 00 00  | ................
00000001001E8D38 | 70 79 1E 00 01 00 00 00  67 79 1E 00 01 00 00 00  | py......gy......
00000001001E8D48 | 70 8D 1E 00 01 00 00 00  00 00 00 00 00 00 00 00  | p...............
00000001001E8D58 | A8 8C 1E 00 01 00 00 00  00 00 00 00 00 00 00 00  | ................
00000001001E8D68 | 10 8D 1E 00 01 00 00 00  18 00 00 00 00 00 00 00  | ................
00000001001E8D78 | 18 00 00 00 08 00 00 00  3A 70 1E 00 01 00 00 00  | ........:p......
00000001001E8D88 | 1F 7A 1E 00 01 00 00 00  50 EA 10 00 01 00 00 00  | .z......P.......
00000001001E8D98 | A8 6E 1E 00 01 00 00 00  1F 7A 1E 00 01 00 00 00  | .n.......z......
00000001001E8DA8 | 5C 1C 11 00 01 00 00 00  9F 6E 1E 00 01 00 00 00  | \........n......
00000001001E8DB8 | CB 79 1E 00 01 00 00 00  3C 43 11 00 01 00 00 00  | .y......<C......
00000001001E8DC8 | A7 71 1E 00 01 00 00 00  CB 79 1E 00 01 00 00 00  | .q.......y......
00000001001E8DD8 | A0 5D 11 00 01 00 00 00  24 64 1E 00 01 00 00 00  | .]......$d......
00000001001E8DE8 | CB 79 1E 00 01 00 00 00  60 62 11 00 01 00 00 00  | .y......`b......
00000001001E8DF8 | B9 77 1E 00 01 00 00 00  04 7A 1E 00 01 00 00 00  | .w.......z......
00000001001E8E08 | 30 67 11 00 01 00 00 00  12 6F 1E 00 01 00 00 00  | 0g.......o......
00000001001E8E18 | 04 7A 1E 00 01 00 00 00  5C 7C 11 00 01 00 00 00  | .z......\|......
00000001001E8E28 | 37 73 1E 00 01 00 00 00  EE 79 1E 00 01 00 00 00  | 7s.......y......
00000001001E8E38 | BC 86 11 00 01 00 00 00  72 79 1E 00 01 00 00 00  | ........ry......
00000001001E8E48 | 78 59 2A 00 01 00 00 00  78 8D 1E 00 01 00 00 00  | xY*.....x.......
00000001001E8E58 | 00 00 00 00 00 00 00 00  00 00 00 00 00 00 00 00  | ................
00000001001E8E68 | 00 00 00 00 00 00 00 00  00 00 00 00 00 00 00 00  | ................
00000001001E8E78 | 40 00 00 00 00 00 00 00  18 00 00 00 01 00 00 00  | @...............
00000001001E8E88 | 9D 71 1E 00 01 00 00 00  1F 7A 1E 00 01 00 00 00  | .q.......z......
00000001001E8E98 | B8 8A 11 00 01 00 00 00  7B 79 1E 00 01 00 00 00  | ........{y......
00000001001E8EA8 | B8 5D 2A 00 01 00 00 00  80 8E 1E 00 01 00 00 00  | .]*.............
00000001001E8EB8 | 00 00 00 00 00 00 00 00  00 00 00 00 00 00 00 00  | ................
00000001001E8EC8 | 00 00 00 00 00 00 00 00  00 00 00 00 00 00 00 00  | ................
00000001001E8ED8 | 40 00 00 00 00 00 00 00  95 01 00 00 28 00 00 00  | @...........(...
00000001001E8EE8 | 28 00 00 00 00 00 00 00  00 00 00 00 00 00 00 00  | (...............
00000001001E8EF8 | 7B 79 1E 00 01 00 00 00  38 91 1E 00 01 00 00 00  | {y......8.......
00000001001E8F08 | 00 00 00 00 00 00 00 00  00 00 00 00 00 00 00 00  | ................
00000001001E8F18 | 00 00 00 00 00 00 00 00  00 00 00 00 00 00 00 00  | ................
00000001001E8F28 | 20 00 00 00 09 00 00 00  C8 A0 1E 00 01 00 00 00  |  ...............
00000001001E8F38 | 3C 62 1E 00 01 00 00 00  E2 79 1E 00 01 00 00 00  | <b.......y......
00000001001E8F48 | 00 00 00 00 01 00 00 00  CC A0 1E 00 01 00 00 00  | ................
00000001001E8F58 | 63 62 1E 00 01 00 00 00  2A 7A 1E 00 01 00 00 00  | cb......*z......
00000001001E8F68 | 00 00 00 00 01 00 00 00  D0 A0 1E 00 01 00 00 00  | ................
00000001001E8F78 | 4F 62 1E 00 01 00 00 00  2C 7A 1E 00 01 00 00 00  | Ob......,z......
00000001001E8F88 | 03 00 00 00 08 00 00 00  D4 A0 1E 00 01 00 00 00  | ................
00000001001E8F98 | 4A 5F 1E 00 01 00 00 00  4B 7A 1E 00 01 00 00 00  | J_......Kz......
00000001001E8FA8 | 03 00 00 00 08 00 00 00  D8 A0 1E 00 01 00 00 00  | ................
00000001001E8FB8 | FE 61 1E 00 01 00 00 00  5E 7A 1E 00 01 00 00 00  | .a......^z......
00000001001E8FC8 | 03 00 00 00 08 00 00 00  DC A0 1E 00 01 00 00 00  | ................
00000001001E8FD8 | 76 62 1E 00 01 00 00 00  2C 7A 1E 00 01 00 00 00  | vb......,z......
00000001001E8FE8 | 03 00 00 00 08 00 00 00  E0 A0 1E 00 01 00 00 00  | ................
00000001001E8FF8 | D3 61 1E 00 01 00 00 00  6F 7A 1E 00 01 00 00 00  | .a......oz......
00000001001E9008 | 03 00 00 00 08 00 00 00  E4 A0 1E 00 01 00 00 00  | ................
00000001001E9018 | 2B 62 1E 00 01 00 00 00  71 7A 1E 00 01 00 00 00  | +b......qz......
00000001001E9028 | 03 00 00 00 08 00 00 00  E8 A0 1E 00 01 00 00 00  | ................
00000001001E9038 | 46 62 1E 00 01 00 00 00  7C 7A 1E 00 01 00 00 00  | Fb......|z......
00000001001E9048 | 03 00 00 00 08 00 00 00  10 00 00 00 09 00 00 00  | ................
00000001001E9058 | 92 68 1E 00 01 00 00 00  76 60 1E 00 01 00 00 00  | .h......v`......
00000001001E9068 | 8D 71 1E 00 01 00 00 00  C1 5D 1E 00 01 00 00 00  | .q.......]......
00000001001E9078 | 87 61 1E 00 01 00 00 00  90 5D 1E 00 01 00 00 00  | .a.......]......
00000001001E9088 | 6E 60 1E 00 01 00 00 00  39 5E 1E 00 01 00 00 00  | n`......9^......
00000001001E9098 | 11 69 1E 00 01 00 00 00  D3 60 1E 00 01 00 00 00  | .i.......`......
00000001001E90A8 | E3 68 1E 00 01 00 00 00  68 5D 1E 00 01 00 00 00  | .h......h]......
00000001001E90B8 | FF 69 1E 00 01 00 00 00  A7 60 1E 00 01 00 00 00  | .i.......`......
00000001001E90C8 | B2 5E 1E 00 01 00 00 00  5B 5E 1E 00 01 00 00 00  | .^......[^......
00000001001E90D8 | 28 70 1E 00 01 00 00 00  21 60 1E 00 01 00 00 00  | (p......!`......
00000001001E90E8 | 94 01 00 00 08 00 00 00  48 00 00 00 00 00 00 00  | ........H.......
00000001001E90F8 | 84 79 1E 00 01 00 00 00  7B 79 1E 00 01 00 00 00  | .y......{y......
00000001001E9108 | 30 91 1E 00 01 00 00 00  00 00 00 00 00 00 00 00  | 0...............
00000001001E9118 | 28 8F 1E 00 01 00 00 00  00 00 00 00 00 00 00 00  | (...............
00000001001E9128 | 50 90 1E 00 01 00 00 00  18 00 00 00 00 00 00 00  | P...............
00000001001E9138 | 18 00 00 00 01 00 00 00  FD 5B 1E 00 01 00 00 00  | .........[......
00000001001E9148 | 08 5C 1E 00 01 00 00 00  CC 10 13 00 01 00 00 00  | .\..............
00000001001E9158 | 95 01 00 00 28 00 00 00  28 00 00 00 00 00 00 00  | ....(...(.......
00000001001E9168 | 00 00 00 00 00 00 00 00  87 79 1E 00 01 00 00 00  | .........y......
00000001001E9178 | F0 87 1E 00 01 00 00 00  00 00 00 00 00 00 00 00  | ................
00000001001E9188 | 00 00 00 00 00 00 00 00  00 00 00 00 00 00 00 00  | ................
00000001001E9198 | 00 00 00 00 00 00 00 00  20 00 00 00 02 00 00 00  | ........ .......
00000001001E91A8 | EC A0 1E 00 01 00 00 00  F0 61 1E 00 01 00 00 00  | .........a......
00000001001E91B8 | 7F 7A 1E 00 01 00 00 00  03 00 00 00 08 00 00 00  | .z..............
00000001001E91C8 | F0 A0 1E 00 01 00 00 00  0E 5F 1E 00 01 00 00 00  | ........._......
00000001001E91D8 | 5E 7A 1E 00 01 00 00 00  03 00 00 00 08 00 00 00  | ^z..............
00000001001E91E8 | 10 00 00 00 02 00 00 00  14 79 1E 00 01 00 00 00  | .........y......
00000001001E91F8 | 72 5E 1E 00 01 00 00 00  37 64 1E 00 01 00 00 00  | r^......7d......
00000001001E9208 | 90 5C 1E 00 01 00 00 00  94 01 00 00 08 00 00 00  | .\..............
00000001001E9218 | 18 00 00 00 00 00 00 00  70 79 1E 00 01 00 00 00  | ........py......
00000001001E9228 | 87 79 1E 00 01 00 00 00  58 92 1E 00 01 00 00 00  | .y......X.......
00000001001E9238 | 00 00 00 00 00 00 00 00  A0 91 1E 00 01 00 00 00  | ................
00000001001E9248 | 00 00 00 00 00 00 00 00  E8 91 1E 00 01 00 00 00  | ................
00000001001E9258 | 18 00 00 00 00 00 00 00  95 01 00 00 28 00 00 00  | ............(...
00000001001E9268 | 28 00 00 00 00 00 00 00  00 00 00 00 00 00 00 00  | (...............
00000001001E9278 | 97 79 1E 00 01 00 00 00  38 93 1E 00 01 00 00 00  | .y......8.......
00000001001E9288 | 00 00 00 00 00 00 00 00  00 00 00 00 00 00 00 00  | ................
00000001001E9298 | 00 00 00 00 00 00 00 00  00 00 00 00 00 00 00 00  | ................
00000001001E92A8 | 20 00 00 00 01 00 00 00  F4 A0 1E 00 01 00 00 00  |  ...............
00000001001E92B8 | 87 62 1E 00 01 00 00 00  8E 7A 1E 00 01 00 00 00  | .b.......z......
00000001001E92C8 | 03 00 00 00 08 00 00 00  10 00 00 00 01 00 00 00  | ................
00000001001E92D8 | 4A 73 1E 00 01 00 00 00  58 60 1E 00 01 00 00 00  | Js......X`......
00000001001E92E8 | 94 01 00 00 08 00 00 00  10 00 00 00 00 00 00 00  | ................
00000001001E92F8 | A0 79 1E 00 01 00 00 00  97 79 1E 00 01 00 00 00  | .y.......y......
00000001001E9308 | 30 93 1E 00 01 00 00 00  00 00 00 00 00 00 00 00  | 0...............
00000001001E9318 | A8 92 1E 00 01 00 00 00  00 00 00 00 00 00 00 00  | ................
00000001001E9328 | D0 92 1E 00 01 00 00 00  18 00 00 00 00 00 00 00  | ................
00000001001E9338 | 18 00 00 00 01 00 00 00  FD 5B 1E 00 01 00 00 00  | .........[......
00000001001E9348 | 08 5C 1E 00 01 00 00 00  B4 2E 16 00 01 00 00 00  | .\..............
00000001001E9358 | 95 01 00 00 28 00 00 00  28 00 00 00 00 00 00 00  | ....(...(.......
00000001001E9368 | 00 00 00 00 00 00 00 00  BC 79 1E 00 01 00 00 00  | .........y......
00000001001E9378 | 40 95 1E 00 01 00 00 00  00 00 00 00 00 00 00 00  | @...............
00000001001E9388 | 00 00 00 00 00 00 00 00  00 00 00 00 00 00 00 00  | ................
00000001001E9398 | 00 00 00 00 00 00 00 00  20 00 00 00 07 00 00 00  | ........ .......
00000001001E93A8 | 0C A1 1E 00 01 00 00 00  E0 66 1E 00 01 00 00 00  | .........f......
00000001001E93B8 | D3 79 1E 00 01 00 00 00  02 00 00 00 80 01 00 00  | .y..............
00000001001E93C8 | 08 A1 1E 00 01 00 00 00  27 5F 1E 00 01 00 00 00  | ........'_......
00000001001E93D8 | 5E 7A 1E 00 01 00 00 00  03 00 00 00 08 00 00 00  | ^z..............
00000001001E93E8 | 10 A1 1E 00 01 00 00 00  59 62 1E 00 01 00 00 00  | ........Yb......
00000001001E93F8 | E2 79 1E 00 01 00 00 00  00 00 00 00 01 00 00 00  | .y..............
00000001001E9408 | F8 A0 1E 00 01 00 00 00  1C 62 1E 00 01 00 00 00  | .........b......
00000001001E9418 | E4 79 1E 00 01 00 00 00  03 00 00 00 08 00 00 00  | .y..............
00000001001E9428 | FC A0 1E 00 01 00 00 00  32 62 1E 00 01 00 00 00  | ........2b......
00000001001E9438 | E4 79 1E 00 01 00 00 00  03 00 00 00 08 00 00 00  | .y..............
00000001001E9448 | 04 A1 1E 00 01 00 00 00  6C 62 1E 00 01 00 00 00  | ........lb......
00000001001E9458 | 8E 7A 1E 00 01 00 00 00  03 00 00 00 08 00 00 00  | .z..............
00000001001E9468 | 00 A1 1E 00 01 00 00 00  8D 62 1E 00 01 00 00 00  | .........b......
00000001001E9478 | A5 7A 1E 00 01 00 00 00  03 00 00 00 68 00 00 00  | .z..........h...
00000001001E9488 | 10 00 00 00 06 00 00 00  50 6B 1E 00 01 00 00 00  | ........Pk......
00000001001E9498 | FB 5F 1E 00 01 00 00 00  84 68 1E 00 01 00 00 00  | ._.......h......
00000001001E94A8 | 39 5D 1E 00 01 00 00 00  08 69 1E 00 01 00 00 00  | 9].......i......
00000001001E94B8 | D1 5F 1E 00 01 00 00 00  50 71 1E 00 01 00 00 00  | ._......Pq......
00000001001E94C8 | FD 5D 1E 00 01 00 00 00  31 70 1E 00 01 00 00 00  | .]......1p......
00000001001E94D8 | 35 5F 1E 00 01 00 00 00  F9 75 1E 00 01 00 00 00  | 5_.......u......
00000001001E94E8 | EE 60 1E 00 01 00 00 00  94 01 00 00 48 00 00 00  | .`..........H...
00000001001E94F8 | 58 02 00 00 00 00 00 00  C5 79 1E 00 01 00 00 00  | X........y......
00000001001E9508 | BC 79 1E 00 01 00 00 00  38 95 1E 00 01 00 00 00  | .y......8.......
00000001001E9518 | 00 00 00 00 00 00 00 00  A0 93 1E 00 01 00 00 00  | ................
00000001001E9528 | 00 00 00 00 00 00 00 00  88 94 1E 00 01 00 00 00  | ................
00000001001E9538 | 18 00 00 00 00 00 00 00  18 00 00 00 01 00 00 00  | ................
00000001001E9548 | FD 5B 1E 00 01 00 00 00  08 5C 1E 00 01 00 00 00  | .[.......\......
00000001001E9558 | 6C 89 1C 00 01 00 00 00                           | l.......
