# Memory dump: 0x0 - 0x2aa8
# Segment: HEADER
#============================================================================

# Address        | Hex Bytes                                       | ASCII
#----------------------------------------------------------------------------
0000000000000000 | CF FA ED FE 0C 00 00 01  00 00 00 00 06 00 00 00  | ................
0000000000000010 | 17 00 00 00 D0 07 00 00  85 00 10 00 00 00 00 00  | ................
0000000000000020 | 19 00 00 00 28 02 00 00  5F 5F 54 45 58 54 00 00  | ....(...__TEXT..
0000000000000030 | 00 00 00 00 00 00 00 00  00 00 00 00 00 00 00 00  | ................
0000000000000040 | 00 40 00 00 00 00 00 00  00 00 00 00 00 00 00 00  | .@..............
0000000000000050 | 00 40 00 00 00 00 00 00  05 00 00 00 05 00 00 00  | .@..............
0000000000000060 | 06 00 00 00 00 00 00 00  5F 5F 74 65 78 74 00 00  | ........__text..
0000000000000070 | 00 00 00 00 00 00 00 00  5F 5F 54 45 58 54 00 00  | ........__TEXT..
0000000000000080 | 00 00 00 00 00 00 00 00  A8 2A 00 00 00 00 00 00  | .........*......
0000000000000090 | 00 10 00 00 00 00 00 00  A8 2A 00 00 02 00 00 00  | .........*......
00000000000000A0 | 00 00 00 00 00 00 00 00  00 04 00 80 00 00 00 00  | ................
00000000000000B0 | 00 00 00 00 00 00 00 00  5F 5F 73 74 75 62 73 00  | ........__stubs.
00000000000000C0 | 00 00 00 00 00 00 00 00  5F 5F 54 45 58 54 00 00  | ........__TEXT..
00000000000000D0 | 00 00 00 00 00 00 00 00  A8 3A 00 00 00 00 00 00  | .........:......
00000000000000E0 | A8 00 00 00 00 00 00 00  A8 3A 00 00 01 00 00 00  | .........:......
00000000000000F0 | 00 00 00 00 00 00 00 00  08 04 00 80 00 00 00 00  | ................
0000000000000100 | 0C 00 00 00 00 00 00 00  5F 5F 73 74 75 62 5F 68  | ........__stub_h
0000000000000110 | 65 6C 70 65 72 00 00 00  5F 5F 54 45 58 54 00 00  | elper...__TEXT..
0000000000000120 | 00 00 00 00 00 00 00 00  50 3B 00 00 00 00 00 00  | ........P;......
0000000000000130 | C0 00 00 00 00 00 00 00  50 3B 00 00 02 00 00 00  | ........P;......
0000000000000140 | 00 00 00 00 00 00 00 00  00 04 00 80 00 00 00 00  | ................
0000000000000150 | 00 00 00 00 00 00 00 00  5F 5F 63 73 74 72 69 6E  | ........__cstrin
0000000000000160 | 67 00 00 00 00 00 00 00  5F 5F 54 45 58 54 00 00  | g.......__TEXT..
0000000000000170 | 00 00 00 00 00 00 00 00  10 3C 00 00 00 00 00 00  | .........<......
0000000000000180 | F5 02 00 00 00 00 00 00  10 3C 00 00 00 00 00 00  | .........<......
0000000000000190 | 00 00 00 00 00 00 00 00  02 00 00 00 00 00 00 00  | ................
00000000000001A0 | 00 00 00 00 00 00 00 00  5F 5F 63 6F 6E 73 74 00  | ........__const.
00000000000001B0 | 00 00 00 00 00 00 00 00  5F 5F 54 45 58 54 00 00  | ........__TEXT..
00000000000001C0 | 00 00 00 00 00 00 00 00  08 3F 00 00 00 00 00 00  | .........?......
00000000000001D0 | B0 00 00 00 00 00 00 00  08 3F 00 00 03 00 00 00  | .........?......
00000000000001E0 | 00 00 00 00 00 00 00 00  00 00 00 00 00 00 00 00  | ................
00000000000001F0 | 00 00 00 00 00 00 00 00  5F 5F 75 6E 77 69 6E 64  | ........__unwind
0000000000000200 | 5F 69 6E 66 6F 00 00 00  5F 5F 54 45 58 54 00 00  | _info...__TEXT..
0000000000000210 | 00 00 00 00 00 00 00 00  B8 3F 00 00 00 00 00 00  | .........?......
0000000000000220 | 48 00 00 00 00 00 00 00  B8 3F 00 00 00 00 00 00  | H........?......
0000000000000230 | 00 00 00 00 00 00 00 00  00 00 00 00 00 00 00 00  | ................
0000000000000240 | 00 00 00 00 00 00 00 00  19 00 00 00 28 02 00 00  | ............(...
0000000000000250 | 5F 5F 44 41 54 41 00 00  00 00 00 00 00 00 00 00  | __DATA..........
0000000000000260 | 00 40 00 00 00 00 00 00  00 40 00 00 00 00 00 00  | .@.......@......
0000000000000270 | 00 40 00 00 00 00 00 00  00 40 00 00 00 00 00 00  | .@.......@......
0000000000000280 | 03 00 00 00 03 00 00 00  06 00 00 00 00 00 00 00  | ................
0000000000000290 | 5F 5F 64 79 6C 64 00 00  00 00 00 00 00 00 00 00  | __dyld..........
00000000000002A0 | 5F 5F 44 41 54 41 00 00  00 00 00 00 00 00 00 00  | __DATA..........
00000000000002B0 | 00 40 00 00 00 00 00 00  38 00 00 00 00 00 00 00  | .@......8.......
00000000000002C0 | 00 40 00 00 03 00 00 00  00 00 00 00 00 00 00 00  | .@..............
00000000000002D0 | 00 00 00 00 00 00 00 00  00 00 00 00 00 00 00 00  | ................
00000000000002E0 | 5F 5F 67 6F 74 00 00 00  00 00 00 00 00 00 00 00  | __got...........
00000000000002F0 | 5F 5F 44 41 54 41 00 00  00 00 00 00 00 00 00 00  | __DATA..........
0000000000000300 | 38 40 00 00 00 00 00 00  18 00 00 00 00 00 00 00  | 8@..............
0000000000000310 | 38 40 00 00 03 00 00 00  00 00 00 00 00 00 00 00  | 8@..............
0000000000000320 | 06 00 00 00 0E 00 00 00  00 00 00 00 00 00 00 00  | ................
0000000000000330 | 5F 5F 6C 61 5F 73 79 6D  62 6F 6C 5F 70 74 72 00  | __la_symbol_ptr.
0000000000000340 | 5F 5F 44 41 54 41 00 00  00 00 00 00 00 00 00 00  | __DATA..........
0000000000000350 | 50 40 00 00 00 00 00 00  70 00 00 00 00 00 00 00  | P@......p.......
0000000000000360 | 50 40 00 00 03 00 00 00  00 00 00 00 00 00 00 00  | P@..............
0000000000000370 | 07 00 00 00 11 00 00 00  00 00 00 00 00 00 00 00  | ................
0000000000000380 | 5F 5F 64 61 74 61 00 00  00 00 00 00 00 00 00 00  | __data..........
0000000000000390 | 5F 5F 44 41 54 41 00 00  00 00 00 00 00 00 00 00  | __DATA..........
00000000000003A0 | C0 40 00 00 00 00 00 00  EC 00 00 00 00 00 00 00  | .@..............
00000000000003B0 | C0 40 00 00 03 00 00 00  00 00 00 00 00 00 00 00  | .@..............
00000000000003C0 | 00 00 00 00 00 00 00 00  00 00 00 00 00 00 00 00  | ................
00000000000003D0 | 5F 5F 62 73 73 00 00 00  00 00 00 00 00 00 00 00  | __bss...........
00000000000003E0 | 5F 5F 44 41 54 41 00 00  00 00 00 00 00 00 00 00  | __DATA..........
00000000000003F0 | B0 41 00 00 00 00 00 00  E0 00 00 00 00 00 00 00  | .A..............
0000000000000400 | 00 00 00 00 04 00 00 00  00 00 00 00 00 00 00 00  | ................
0000000000000410 | 01 00 00 00 00 00 00 00  00 00 00 00 00 00 00 00  | ................
0000000000000420 | 5F 5F 63 6F 6D 6D 6F 6E  00 00 00 00 00 00 00 00  | __common........
0000000000000430 | 5F 5F 44 41 54 41 00 00  00 00 00 00 00 00 00 00  | __DATA..........
0000000000000440 | 90 42 00 00 00 00 00 00  28 00 00 00 00 00 00 00  | .B......(.......
0000000000000450 | 00 00 00 00 03 00 00 00  00 00 00 00 00 00 00 00  | ................
0000000000000460 | 01 00 00 00 00 00 00 00  00 00 00 00 00 00 00 00  | ................
0000000000000470 | 19 00 00 00 48 00 00 00  5F 5F 4C 49 4E 4B 45 44  | ....H...__LINKED
0000000000000480 | 49 54 00 00 00 00 00 00  00 80 00 00 00 00 00 00  | IT..............
0000000000000490 | 00 40 00 00 00 00 00 00  00 80 00 00 00 00 00 00  | .@..............
00000000000004A0 | 60 17 00 00 00 00 00 00  01 00 00 00 01 00 00 00  | `...............
00000000000004B0 | 00 00 00 00 00 00 00 00  0D 00 00 00 40 00 00 00  | ............@...
00000000000004C0 | 18 00 00 00 01 00 00 00  00 01 44 01 00 00 01 00  | ..........D.....
00000000000004D0 | 40 65 78 65 63 75 74 61  62 6C 65 5F 70 61 74 68  | @executable_path
00000000000004E0 | 2F 6C 69 62 64 79 6C 69  62 32 2E 64 79 6C 69 62  | /libdylib2.dylib
00000000000004F0 | 00 00 00 00 00 00 00 00  22 00 00 80 30 00 00 00  | ........"...0...
0000000000000500 | 00 80 00 00 10 00 00 00  10 80 00 00 E8 00 00 00  | ................
0000000000000510 | 00 00 00 00 00 00 00 00  F8 80 00 00 28 01 00 00  | ............(...
0000000000000520 | 20 82 00 00 18 04 00 00  02 00 00 00 18 00 00 00  |  ...............
0000000000000530 | 08 87 00 00 52 00 00 00  A4 8C 00 00 C0 06 00 00  | ....R...........
0000000000000540 | 0B 00 00 00 50 00 00 00  00 00 00 00 14 00 00 00  | ....P...........
0000000000000550 | 14 00 00 00 2B 00 00 00  3F 00 00 00 13 00 00 00  | ....+...?.......
0000000000000560 | 00 00 00 00 00 00 00 00  00 00 00 00 00 00 00 00  | ................
0000000000000570 | 00 00 00 00 00 00 00 00  28 8C 00 00 1F 00 00 00  | ........(.......
0000000000000580 | 00 00 00 00 00 00 00 00  00 00 00 00 00 00 00 00  | ................
0000000000000590 | 1B 00 00 00 18 00 00 00  F8 05 21 30 4F 23 31 E9  | ..........!0O#1.
00000000000005A0 | 90 DE 73 0D B3 E5 CD 9E  25 00 00 00 10 00 00 00  | ..s.....%.......
00000000000005B0 | 00 01 07 00 00 01 07 00  2A 00 00 00 10 00 00 00  | ........*.......
00000000000005C0 | 00 00 00 40 00 44 01 00  1E 00 00 00 10 00 00 00  | ...@.D..........
00000000000005D0 | 38 86 00 00 48 00 00 00  23 00 00 80 48 00 00 00  | 8...H...#...H...
00000000000005E0 | 18 00 00 00 02 00 00 00  01 0A 20 00 00 00 01 00  | .......... .....
00000000000005F0 | 2F 75 73 72 2F 6C 69 62  2F 73 79 73 74 65 6D 2F  | /usr/lib/system/
0000000000000600 | 6C 69 62 73 79 73 74 65  6D 5F 70 6C 61 74 66 6F  | libsystem_platfo
0000000000000610 | 72 6D 2E 64 79 6C 69 62  00 00 00 00 00 00 00 00  | rm.dylib........
0000000000000620 | 23 00 00 80 40 00 00 00  18 00 00 00 02 00 00 00  | #...@...........
0000000000000630 | 01 0A 21 00 00 00 01 00  2F 75 73 72 2F 6C 69 62  | ..!...../usr/lib
0000000000000640 | 2F 73 79 73 74 65 6D 2F  6C 69 62 73 79 73 74 65  | /system/libsyste
0000000000000650 | 6D 5F 6D 61 6C 6C 6F 63  2E 64 79 6C 69 62 00 00  | m_malloc.dylib..
0000000000000660 | 23 00 00 80 40 00 00 00  18 00 00 00 02 00 00 00  | #...@...........
0000000000000670 | 01 0A EA 03 00 00 01 00  2F 75 73 72 2F 6C 69 62  | ......../usr/lib
0000000000000680 | 2F 73 79 73 74 65 6D 2F  6C 69 62 73 79 73 74 65  | /system/libsyste
0000000000000690 | 6D 5F 63 2E 64 79 6C 69  62 00 00 00 00 00 00 00  | m_c.dylib.......
00000000000006A0 | 23 00 00 80 40 00 00 00  18 00 00 00 02 00 00 00  | #...@...........
00000000000006B0 | 03 0A 39 00 00 00 01 00  2F 75 73 72 2F 6C 69 62  | ..9...../usr/lib
00000000000006C0 | 2F 73 79 73 74 65 6D 2F  6C 69 62 73 79 73 74 65  | /system/libsyste
00000000000006D0 | 6D 5F 70 74 68 72 65 61  64 2E 64 79 6C 69 62 00  | m_pthread.dylib.
00000000000006E0 | 23 00 00 80 38 00 00 00  18 00 00 00 02 00 00 00  | #...8...........
00000000000006F0 | 02 0A 51 03 00 00 01 00  2F 75 73 72 2F 6C 69 62  | ..Q...../usr/lib
0000000000000700 | 2F 73 79 73 74 65 6D 2F  6C 69 62 6C 61 75 6E 63  | /system/liblaunc
0000000000000710 | 68 2E 64 79 6C 69 62 00  23 00 00 80 40 00 00 00  | h.dylib.#...@...
0000000000000720 | 18 00 00 00 02 00 00 00  00 00 40 00 00 00 01 00  | ..........@.....
0000000000000730 | 2F 75 73 72 2F 6C 69 62  2F 73 79 73 74 65 6D 2F  | /usr/lib/system/
0000000000000740 | 6C 69 62 73 79 73 74 65  6D 5F 62 6C 6F 63 6B 73  | libsystem_blocks
0000000000000750 | 2E 64 79 6C 69 62 00 00  23 00 00 80 40 00 00 00  | .dylib..#...@...
0000000000000760 | 18 00 00 00 02 00 00 00  43 0A 77 09 00 00 01 00  | ........C.w.....
0000000000000770 | 2F 75 73 72 2F 6C 69 62  2F 73 79 73 74 65 6D 2F  | /usr/lib/system/
0000000000000780 | 6C 69 62 73 79 73 74 65  6D 5F 6B 65 72 6E 65 6C  | libsystem_kernel
0000000000000790 | 2E 64 79 6C 69 62 00 00  12 00 00 00 18 00 00 00  | .dylib..........
00000000000007A0 | 0C 00 00 00 53 79 73 74  65 6D 00 00 00 00 00 00  | ....System......
00000000000007B0 | 26 00 00 00 10 00 00 00  80 86 00 00 40 00 00 00  | &...........@...
00000000000007C0 | 29 00 00 00 10 00 00 00  C0 86 00 00 00 00 00 00  | )...............
00000000000007D0 | 2B 00 00 00 10 00 00 00  C0 86 00 00 48 00 00 00  | +...........H...
00000000000007E0 | 1D 00 00 00 10 00 00 00  70 93 00 00 F0 03 00 00  | ........p.......
00000000000007F0 | 00 00 00 00 00 00 00 00  00 00 00 00 00 00 00 00  | ................
0000000000000800 | 00 00 00 00 00 00 00 00  00 00 00 00 00 00 00 00  | ................
0000000000000810 | 00 00 00 00 00 00 00 00  00 00 00 00 00 00 00 00  | ................
0000000000000820 | 00 00 00 00 00 00 00 00  00 00 00 00 00 00 00 00  | ................
0000000000000830 | 00 00 00 00 00 00 00 00  00 00 00 00 00 00 00 00  | ................
0000000000000840 | 00 00 00 00 00 00 00 00  00 00 00 00 00 00 00 00  | ................
0000000000000850 | 00 00 00 00 00 00 00 00  00 00 00 00 00 00 00 00  | ................
0000000000000860 | 00 00 00 00 00 00 00 00  00 00 00 00 00 00 00 00  | ................
0000000000000870 | 00 00 00 00 00 00 00 00  00 00 00 00 00 00 00 00  | ................
0000000000000880 | 00 00 00 00 00 00 00 00  00 00 00 00 00 00 00 00  | ................
0000000000000890 | 00 00 00 00 00 00 00 00  00 00 00 00 00 00 00 00  | ................
00000000000008A0 | 00 00 00 00 00 00 00 00  00 00 00 00 00 00 00 00  | ................
00000000000008B0 | 00 00 00 00 00 00 00 00  00 00 00 00 00 00 00 00  | ................
00000000000008C0 | 00 00 00 00 00 00 00 00  00 00 00 00 00 00 00 00  | ................
00000000000008D0 | 00 00 00 00 00 00 00 00  00 00 00 00 00 00 00 00  | ................
00000000000008E0 | 00 00 00 00 00 00 00 00  00 00 00 00 00 00 00 00  | ................
00000000000008F0 | 00 00 00 00 00 00 00 00  00 00 00 00 00 00 00 00  | ................
0000000000000900 | 00 00 00 00 00 00 00 00  00 00 00 00 00 00 00 00  | ................
0000000000000910 | 00 00 00 00 00 00 00 00  00 00 00 00 00 00 00 00  | ................
0000000000000920 | 00 00 00 00 00 00 00 00  00 00 00 00 00 00 00 00  | ................
0000000000000930 | 00 00 00 00 00 00 00 00  00 00 00 00 00 00 00 00  | ................
0000000000000940 | 00 00 00 00 00 00 00 00  00 00 00 00 00 00 00 00  | ................
0000000000000950 | 00 00 00 00 00 00 00 00  00 00 00 00 00 00 00 00  | ................
0000000000000960 | 00 00 00 00 00 00 00 00  00 00 00 00 00 00 00 00  | ................
0000000000000970 | 00 00 00 00 00 00 00 00  00 00 00 00 00 00 00 00  | ................
0000000000000980 | 00 00 00 00 00 00 00 00  00 00 00 00 00 00 00 00  | ................
0000000000000990 | 00 00 00 00 00 00 00 00  00 00 00 00 00 00 00 00  | ................
00000000000009A0 | 00 00 00 00 00 00 00 00  00 00 00 00 00 00 00 00  | ................
00000000000009B0 | 00 00 00 00 00 00 00 00  00 00 00 00 00 00 00 00  | ................
00000000000009C0 | 00 00 00 00 00 00 00 00  00 00 00 00 00 00 00 00  | ................
00000000000009D0 | 00 00 00 00 00 00 00 00  00 00 00 00 00 00 00 00  | ................
00000000000009E0 | 00 00 00 00 00 00 00 00  00 00 00 00 00 00 00 00  | ................
00000000000009F0 | 00 00 00 00 00 00 00 00  00 00 00 00 00 00 00 00  | ................
0000000000000A00 | 00 00 00 00 00 00 00 00  00 00 00 00 00 00 00 00  | ................
0000000000000A10 | 00 00 00 00 00 00 00 00  00 00 00 00 00 00 00 00  | ................
0000000000000A20 | 00 00 00 00 00 00 00 00  00 00 00 00 00 00 00 00  | ................
0000000000000A30 | 00 00 00 00 00 00 00 00  00 00 00 00 00 00 00 00  | ................
0000000000000A40 | 00 00 00 00 00 00 00 00  00 00 00 00 00 00 00 00  | ................
0000000000000A50 | 00 00 00 00 00 00 00 00  00 00 00 00 00 00 00 00  | ................
0000000000000A60 | 00 00 00 00 00 00 00 00  00 00 00 00 00 00 00 00  | ................
0000000000000A70 | 00 00 00 00 00 00 00 00  00 00 00 00 00 00 00 00  | ................
0000000000000A80 | 00 00 00 00 00 00 00 00  00 00 00 00 00 00 00 00  | ................
0000000000000A90 | 00 00 00 00 00 00 00 00  00 00 00 00 00 00 00 00  | ................
0000000000000AA0 | 00 00 00 00 00 00 00 00  00 00 00 00 00 00 00 00  | ................
0000000000000AB0 | 00 00 00 00 00 00 00 00  00 00 00 00 00 00 00 00  | ................
0000000000000AC0 | 00 00 00 00 00 00 00 00  00 00 00 00 00 00 00 00  | ................
0000000000000AD0 | 00 00 00 00 00 00 00 00  00 00 00 00 00 00 00 00  | ................
0000000000000AE0 | 00 00 00 00 00 00 00 00  00 00 00 00 00 00 00 00  | ................
0000000000000AF0 | 00 00 00 00 00 00 00 00  00 00 00 00 00 00 00 00  | ................
0000000000000B00 | 00 00 00 00 00 00 00 00  00 00 00 00 00 00 00 00  | ................
0000000000000B10 | 00 00 00 00 00 00 00 00  00 00 00 00 00 00 00 00  | ................
0000000000000B20 | 00 00 00 00 00 00 00 00  00 00 00 00 00 00 00 00  | ................
0000000000000B30 | 00 00 00 00 00 00 00 00  00 00 00 00 00 00 00 00  | ................
0000000000000B40 | 00 00 00 00 00 00 00 00  00 00 00 00 00 00 00 00  | ................
0000000000000B50 | 00 00 00 00 00 00 00 00  00 00 00 00 00 00 00 00  | ................
0000000000000B60 | 00 00 00 00 00 00 00 00  00 00 00 00 00 00 00 00  | ................
0000000000000B70 | 00 00 00 00 00 00 00 00  00 00 00 00 00 00 00 00  | ................
0000000000000B80 | 00 00 00 00 00 00 00 00  00 00 00 00 00 00 00 00  | ................
0000000000000B90 | 00 00 00 00 00 00 00 00  00 00 00 00 00 00 00 00  | ................
0000000000000BA0 | 00 00 00 00 00 00 00 00  00 00 00 00 00 00 00 00  | ................
0000000000000BB0 | 00 00 00 00 00 00 00 00  00 00 00 00 00 00 00 00  | ................
0000000000000BC0 | 00 00 00 00 00 00 00 00  00 00 00 00 00 00 00 00  | ................
0000000000000BD0 | 00 00 00 00 00 00 00 00  00 00 00 00 00 00 00 00  | ................
0000000000000BE0 | 00 00 00 00 00 00 00 00  00 00 00 00 00 00 00 00  | ................
0000000000000BF0 | 00 00 00 00 00 00 00 00  00 00 00 00 00 00 00 00  | ................
0000000000000C00 | 00 00 00 00 00 00 00 00  00 00 00 00 00 00 00 00  | ................
0000000000000C10 | 00 00 00 00 00 00 00 00  00 00 00 00 00 00 00 00  | ................
0000000000000C20 | 00 00 00 00 00 00 00 00  00 00 00 00 00 00 00 00  | ................
0000000000000C30 | 00 00 00 00 00 00 00 00  00 00 00 00 00 00 00 00  | ................
0000000000000C40 | 00 00 00 00 00 00 00 00  00 00 00 00 00 00 00 00  | ................
0000000000000C50 | 00 00 00 00 00 00 00 00  00 00 00 00 00 00 00 00  | ................
0000000000000C60 | 00 00 00 00 00 00 00 00  00 00 00 00 00 00 00 00  | ................
0000000000000C70 | 00 00 00 00 00 00 00 00  00 00 00 00 00 00 00 00  | ................
0000000000000C80 | 00 00 00 00 00 00 00 00  00 00 00 00 00 00 00 00  | ................
0000000000000C90 | 00 00 00 00 00 00 00 00  00 00 00 00 00 00 00 00  | ................
0000000000000CA0 | 00 00 00 00 00 00 00 00  00 00 00 00 00 00 00 00  | ................
0000000000000CB0 | 00 00 00 00 00 00 00 00  00 00 00 00 00 00 00 00  | ................
0000000000000CC0 | 00 00 00 00 00 00 00 00  00 00 00 00 00 00 00 00  | ................
0000000000000CD0 | 00 00 00 00 00 00 00 00  00 00 00 00 00 00 00 00  | ................
0000000000000CE0 | 00 00 00 00 00 00 00 00  00 00 00 00 00 00 00 00  | ................
0000000000000CF0 | 00 00 00 00 00 00 00 00  00 00 00 00 00 00 00 00  | ................
0000000000000D00 | 00 00 00 00 00 00 00 00  00 00 00 00 00 00 00 00  | ................
0000000000000D10 | 00 00 00 00 00 00 00 00  00 00 00 00 00 00 00 00  | ................
0000000000000D20 | 00 00 00 00 00 00 00 00  00 00 00 00 00 00 00 00  | ................
0000000000000D30 | 00 00 00 00 00 00 00 00  00 00 00 00 00 00 00 00  | ................
0000000000000D40 | 00 00 00 00 00 00 00 00  00 00 00 00 00 00 00 00  | ................
0000000000000D50 | 00 00 00 00 00 00 00 00  00 00 00 00 00 00 00 00  | ................
0000000000000D60 | 00 00 00 00 00 00 00 00  00 00 00 00 00 00 00 00  | ................
0000000000000D70 | 00 00 00 00 00 00 00 00  00 00 00 00 00 00 00 00  | ................
0000000000000D80 | 00 00 00 00 00 00 00 00  00 00 00 00 00 00 00 00  | ................
0000000000000D90 | 00 00 00 00 00 00 00 00  00 00 00 00 00 00 00 00  | ................
0000000000000DA0 | 00 00 00 00 00 00 00 00  00 00 00 00 00 00 00 00  | ................
0000000000000DB0 | 00 00 00 00 00 00 00 00  00 00 00 00 00 00 00 00  | ................
0000000000000DC0 | 00 00 00 00 00 00 00 00  00 00 00 00 00 00 00 00  | ................
0000000000000DD0 | 00 00 00 00 00 00 00 00  00 00 00 00 00 00 00 00  | ................
0000000000000DE0 | 00 00 00 00 00 00 00 00  00 00 00 00 00 00 00 00  | ................
0000000000000DF0 | 00 00 00 00 00 00 00 00  00 00 00 00 00 00 00 00  | ................
0000000000000E00 | 00 00 00 00 00 00 00 00  00 00 00 00 00 00 00 00  | ................
0000000000000E10 | 00 00 00 00 00 00 00 00  00 00 00 00 00 00 00 00  | ................
0000000000000E20 | 00 00 00 00 00 00 00 00  00 00 00 00 00 00 00 00  | ................
0000000000000E30 | 00 00 00 00 00 00 00 00  00 00 00 00 00 00 00 00  | ................
0000000000000E40 | 00 00 00 00 00 00 00 00  00 00 00 00 00 00 00 00  | ................
0000000000000E50 | 00 00 00 00 00 00 00 00  00 00 00 00 00 00 00 00  | ................
0000000000000E60 | 00 00 00 00 00 00 00 00  00 00 00 00 00 00 00 00  | ................
0000000000000E70 | 00 00 00 00 00 00 00 00  00 00 00 00 00 00 00 00  | ................
0000000000000E80 | 00 00 00 00 00 00 00 00  00 00 00 00 00 00 00 00  | ................
0000000000000E90 | 00 00 00 00 00 00 00 00  00 00 00 00 00 00 00 00  | ................
0000000000000EA0 | 00 00 00 00 00 00 00 00  00 00 00 00 00 00 00 00  | ................
0000000000000EB0 | 00 00 00 00 00 00 00 00  00 00 00 00 00 00 00 00  | ................
0000000000000EC0 | 00 00 00 00 00 00 00 00  00 00 00 00 00 00 00 00  | ................
0000000000000ED0 | 00 00 00 00 00 00 00 00  00 00 00 00 00 00 00 00  | ................
0000000000000EE0 | 00 00 00 00 00 00 00 00  00 00 00 00 00 00 00 00  | ................
0000000000000EF0 | 00 00 00 00 00 00 00 00  00 00 00 00 00 00 00 00  | ................
0000000000000F00 | 00 00 00 00 00 00 00 00  00 00 00 00 00 00 00 00  | ................
0000000000000F10 | 00 00 00 00 00 00 00 00  00 00 00 00 00 00 00 00  | ................
0000000000000F20 | 00 00 00 00 00 00 00 00  00 00 00 00 00 00 00 00  | ................
0000000000000F30 | 00 00 00 00 00 00 00 00  00 00 00 00 00 00 00 00  | ................
0000000000000F40 | 00 00 00 00 00 00 00 00  00 00 00 00 00 00 00 00  | ................
0000000000000F50 | 00 00 00 00 00 00 00 00  00 00 00 00 00 00 00 00  | ................
0000000000000F60 | 00 00 00 00 00 00 00 00  00 00 00 00 00 00 00 00  | ................
0000000000000F70 | 00 00 00 00 00 00 00 00  00 00 00 00 00 00 00 00  | ................
0000000000000F80 | 00 00 00 00 00 00 00 00  00 00 00 00 00 00 00 00  | ................
0000000000000F90 | 00 00 00 00 00 00 00 00  00 00 00 00 00 00 00 00  | ................
0000000000000FA0 | 00 00 00 00 00 00 00 00  00 00 00 00 00 00 00 00  | ................
0000000000000FB0 | 00 00 00 00 00 00 00 00  00 00 00 00 00 00 00 00  | ................
0000000000000FC0 | 00 00 00 00 00 00 00 00  00 00 00 00 00 00 00 00  | ................
0000000000000FD0 | 00 00 00 00 00 00 00 00  00 00 00 00 00 00 00 00  | ................
0000000000000FE0 | 00 00 00 00 00 00 00 00  00 00 00 00 00 00 00 00  | ................
0000000000000FF0 | 00 00 00 00 00 00 00 00  00 00 00 00 00 00 00 00  | ................
0000000000001000 | 00 00 00 00 00 00 00 00  00 00 00 00 00 00 00 00  | ................
0000000000001010 | 00 00 00 00 00 00 00 00  00 00 00 00 00 00 00 00  | ................
0000000000001020 | 00 00 00 00 00 00 00 00  00 00 00 00 00 00 00 00  | ................
0000000000001030 | 00 00 00 00 00 00 00 00  00 00 00 00 00 00 00 00  | ................
0000000000001040 | 00 00 00 00 00 00 00 00  00 00 00 00 00 00 00 00  | ................
0000000000001050 | 00 00 00 00 00 00 00 00  00 00 00 00 00 00 00 00  | ................
0000000000001060 | 00 00 00 00 00 00 00 00  00 00 00 00 00 00 00 00  | ................
0000000000001070 | 00 00 00 00 00 00 00 00  00 00 00 00 00 00 00 00  | ................
0000000000001080 | 00 00 00 00 00 00 00 00  00 00 00 00 00 00 00 00  | ................
0000000000001090 | 00 00 00 00 00 00 00 00  00 00 00 00 00 00 00 00  | ................
00000000000010A0 | 00 00 00 00 00 00 00 00  00 00 00 00 00 00 00 00  | ................
00000000000010B0 | 00 00 00 00 00 00 00 00  00 00 00 00 00 00 00 00  | ................
00000000000010C0 | 00 00 00 00 00 00 00 00  00 00 00 00 00 00 00 00  | ................
00000000000010D0 | 00 00 00 00 00 00 00 00  00 00 00 00 00 00 00 00  | ................
00000000000010E0 | 00 00 00 00 00 00 00 00  00 00 00 00 00 00 00 00  | ................
00000000000010F0 | 00 00 00 00 00 00 00 00  00 00 00 00 00 00 00 00  | ................
0000000000001100 | 00 00 00 00 00 00 00 00  00 00 00 00 00 00 00 00  | ................
0000000000001110 | 00 00 00 00 00 00 00 00  00 00 00 00 00 00 00 00  | ................
0000000000001120 | 00 00 00 00 00 00 00 00  00 00 00 00 00 00 00 00  | ................
0000000000001130 | 00 00 00 00 00 00 00 00  00 00 00 00 00 00 00 00  | ................
0000000000001140 | 00 00 00 00 00 00 00 00  00 00 00 00 00 00 00 00  | ................
0000000000001150 | 00 00 00 00 00 00 00 00  00 00 00 00 00 00 00 00  | ................
0000000000001160 | 00 00 00 00 00 00 00 00  00 00 00 00 00 00 00 00  | ................
0000000000001170 | 00 00 00 00 00 00 00 00  00 00 00 00 00 00 00 00  | ................
0000000000001180 | 00 00 00 00 00 00 00 00  00 00 00 00 00 00 00 00  | ................
0000000000001190 | 00 00 00 00 00 00 00 00  00 00 00 00 00 00 00 00  | ................
00000000000011A0 | 00 00 00 00 00 00 00 00  00 00 00 00 00 00 00 00  | ................
00000000000011B0 | 00 00 00 00 00 00 00 00  00 00 00 00 00 00 00 00  | ................
00000000000011C0 | 00 00 00 00 00 00 00 00  00 00 00 00 00 00 00 00  | ................
00000000000011D0 | 00 00 00 00 00 00 00 00  00 00 00 00 00 00 00 00  | ................
00000000000011E0 | 00 00 00 00 00 00 00 00  00 00 00 00 00 00 00 00  | ................
00000000000011F0 | 00 00 00 00 00 00 00 00  00 00 00 00 00 00 00 00  | ................
0000000000001200 | 00 00 00 00 00 00 00 00  00 00 00 00 00 00 00 00  | ................
0000000000001210 | 00 00 00 00 00 00 00 00  00 00 00 00 00 00 00 00  | ................
0000000000001220 | 00 00 00 00 00 00 00 00  00 00 00 00 00 00 00 00  | ................
0000000000001230 | 00 00 00 00 00 00 00 00  00 00 00 00 00 00 00 00  | ................
0000000000001240 | 00 00 00 00 00 00 00 00  00 00 00 00 00 00 00 00  | ................
0000000000001250 | 00 00 00 00 00 00 00 00  00 00 00 00 00 00 00 00  | ................
0000000000001260 | 00 00 00 00 00 00 00 00  00 00 00 00 00 00 00 00  | ................
0000000000001270 | 00 00 00 00 00 00 00 00  00 00 00 00 00 00 00 00  | ................
0000000000001280 | 00 00 00 00 00 00 00 00  00 00 00 00 00 00 00 00  | ................
0000000000001290 | 00 00 00 00 00 00 00 00  00 00 00 00 00 00 00 00  | ................
00000000000012A0 | 00 00 00 00 00 00 00 00  00 00 00 00 00 00 00 00  | ................
00000000000012B0 | 00 00 00 00 00 00 00 00  00 00 00 00 00 00 00 00  | ................
00000000000012C0 | 00 00 00 00 00 00 00 00  00 00 00 00 00 00 00 00  | ................
00000000000012D0 | 00 00 00 00 00 00 00 00  00 00 00 00 00 00 00 00  | ................
00000000000012E0 | 00 00 00 00 00 00 00 00  00 00 00 00 00 00 00 00  | ................
00000000000012F0 | 00 00 00 00 00 00 00 00  00 00 00 00 00 00 00 00  | ................
0000000000001300 | 00 00 00 00 00 00 00 00  00 00 00 00 00 00 00 00  | ................
0000000000001310 | 00 00 00 00 00 00 00 00  00 00 00 00 00 00 00 00  | ................
0000000000001320 | 00 00 00 00 00 00 00 00  00 00 00 00 00 00 00 00  | ................
0000000000001330 | 00 00 00 00 00 00 00 00  00 00 00 00 00 00 00 00  | ................
0000000000001340 | 00 00 00 00 00 00 00 00  00 00 00 00 00 00 00 00  | ................
0000000000001350 | 00 00 00 00 00 00 00 00  00 00 00 00 00 00 00 00  | ................
0000000000001360 | 00 00 00 00 00 00 00 00  00 00 00 00 00 00 00 00  | ................
0000000000001370 | 00 00 00 00 00 00 00 00  00 00 00 00 00 00 00 00  | ................
0000000000001380 | 00 00 00 00 00 00 00 00  00 00 00 00 00 00 00 00  | ................
0000000000001390 | 00 00 00 00 00 00 00 00  00 00 00 00 00 00 00 00  | ................
00000000000013A0 | 00 00 00 00 00 00 00 00  00 00 00 00 00 00 00 00  | ................
00000000000013B0 | 00 00 00 00 00 00 00 00  00 00 00 00 00 00 00 00  | ................
00000000000013C0 | 00 00 00 00 00 00 00 00  00 00 00 00 00 00 00 00  | ................
00000000000013D0 | 00 00 00 00 00 00 00 00  00 00 00 00 00 00 00 00  | ................
00000000000013E0 | 00 00 00 00 00 00 00 00  00 00 00 00 00 00 00 00  | ................
00000000000013F0 | 00 00 00 00 00 00 00 00  00 00 00 00 00 00 00 00  | ................
0000000000001400 | 00 00 00 00 00 00 00 00  00 00 00 00 00 00 00 00  | ................
0000000000001410 | 00 00 00 00 00 00 00 00  00 00 00 00 00 00 00 00  | ................
0000000000001420 | 00 00 00 00 00 00 00 00  00 00 00 00 00 00 00 00  | ................
0000000000001430 | 00 00 00 00 00 00 00 00  00 00 00 00 00 00 00 00  | ................
0000000000001440 | 00 00 00 00 00 00 00 00  00 00 00 00 00 00 00 00  | ................
0000000000001450 | 00 00 00 00 00 00 00 00  00 00 00 00 00 00 00 00  | ................
0000000000001460 | 00 00 00 00 00 00 00 00  00 00 00 00 00 00 00 00  | ................
0000000000001470 | 00 00 00 00 00 00 00 00  00 00 00 00 00 00 00 00  | ................
0000000000001480 | 00 00 00 00 00 00 00 00  00 00 00 00 00 00 00 00  | ................
0000000000001490 | 00 00 00 00 00 00 00 00  00 00 00 00 00 00 00 00  | ................
00000000000014A0 | 00 00 00 00 00 00 00 00  00 00 00 00 00 00 00 00  | ................
00000000000014B0 | 00 00 00 00 00 00 00 00  00 00 00 00 00 00 00 00  | ................
00000000000014C0 | 00 00 00 00 00 00 00 00  00 00 00 00 00 00 00 00  | ................
00000000000014D0 | 00 00 00 00 00 00 00 00  00 00 00 00 00 00 00 00  | ................
00000000000014E0 | 00 00 00 00 00 00 00 00  00 00 00 00 00 00 00 00  | ................
00000000000014F0 | 00 00 00 00 00 00 00 00  00 00 00 00 00 00 00 00  | ................
0000000000001500 | 00 00 00 00 00 00 00 00  00 00 00 00 00 00 00 00  | ................
0000000000001510 | 00 00 00 00 00 00 00 00  00 00 00 00 00 00 00 00  | ................
0000000000001520 | 00 00 00 00 00 00 00 00  00 00 00 00 00 00 00 00  | ................
0000000000001530 | 00 00 00 00 00 00 00 00  00 00 00 00 00 00 00 00  | ................
0000000000001540 | 00 00 00 00 00 00 00 00  00 00 00 00 00 00 00 00  | ................
0000000000001550 | 00 00 00 00 00 00 00 00  00 00 00 00 00 00 00 00  | ................
0000000000001560 | 00 00 00 00 00 00 00 00  00 00 00 00 00 00 00 00  | ................
0000000000001570 | 00 00 00 00 00 00 00 00  00 00 00 00 00 00 00 00  | ................
0000000000001580 | 00 00 00 00 00 00 00 00  00 00 00 00 00 00 00 00  | ................
0000000000001590 | 00 00 00 00 00 00 00 00  00 00 00 00 00 00 00 00  | ................
00000000000015A0 | 00 00 00 00 00 00 00 00  00 00 00 00 00 00 00 00  | ................
00000000000015B0 | 00 00 00 00 00 00 00 00  00 00 00 00 00 00 00 00  | ................
00000000000015C0 | 00 00 00 00 00 00 00 00  00 00 00 00 00 00 00 00  | ................
00000000000015D0 | 00 00 00 00 00 00 00 00  00 00 00 00 00 00 00 00  | ................
00000000000015E0 | 00 00 00 00 00 00 00 00  00 00 00 00 00 00 00 00  | ................
00000000000015F0 | 00 00 00 00 00 00 00 00  00 00 00 00 00 00 00 00  | ................
0000000000001600 | 00 00 00 00 00 00 00 00  00 00 00 00 00 00 00 00  | ................
0000000000001610 | 00 00 00 00 00 00 00 00  00 00 00 00 00 00 00 00  | ................
0000000000001620 | 00 00 00 00 00 00 00 00  00 00 00 00 00 00 00 00  | ................
0000000000001630 | 00 00 00 00 00 00 00 00  00 00 00 00 00 00 00 00  | ................
0000000000001640 | 00 00 00 00 00 00 00 00  00 00 00 00 00 00 00 00  | ................
0000000000001650 | 00 00 00 00 00 00 00 00  00 00 00 00 00 00 00 00  | ................
0000000000001660 | 00 00 00 00 00 00 00 00  00 00 00 00 00 00 00 00  | ................
0000000000001670 | 00 00 00 00 00 00 00 00  00 00 00 00 00 00 00 00  | ................
0000000000001680 | 00 00 00 00 00 00 00 00  00 00 00 00 00 00 00 00  | ................
0000000000001690 | 00 00 00 00 00 00 00 00  00 00 00 00 00 00 00 00  | ................
00000000000016A0 | 00 00 00 00 00 00 00 00  00 00 00 00 00 00 00 00  | ................
00000000000016B0 | 00 00 00 00 00 00 00 00  00 00 00 00 00 00 00 00  | ................
00000000000016C0 | 00 00 00 00 00 00 00 00  00 00 00 00 00 00 00 00  | ................
00000000000016D0 | 00 00 00 00 00 00 00 00  00 00 00 00 00 00 00 00  | ................
00000000000016E0 | 00 00 00 00 00 00 00 00  00 00 00 00 00 00 00 00  | ................
00000000000016F0 | 00 00 00 00 00 00 00 00  00 00 00 00 00 00 00 00  | ................
0000000000001700 | 00 00 00 00 00 00 00 00  00 00 00 00 00 00 00 00  | ................
0000000000001710 | 00 00 00 00 00 00 00 00  00 00 00 00 00 00 00 00  | ................
0000000000001720 | 00 00 00 00 00 00 00 00  00 00 00 00 00 00 00 00  | ................
0000000000001730 | 00 00 00 00 00 00 00 00  00 00 00 00 00 00 00 00  | ................
0000000000001740 | 00 00 00 00 00 00 00 00  00 00 00 00 00 00 00 00  | ................
0000000000001750 | 00 00 00 00 00 00 00 00  00 00 00 00 00 00 00 00  | ................
0000000000001760 | 00 00 00 00 00 00 00 00  00 00 00 00 00 00 00 00  | ................
0000000000001770 | 00 00 00 00 00 00 00 00  00 00 00 00 00 00 00 00  | ................
0000000000001780 | 00 00 00 00 00 00 00 00  00 00 00 00 00 00 00 00  | ................
0000000000001790 | 00 00 00 00 00 00 00 00  00 00 00 00 00 00 00 00  | ................
00000000000017A0 | 00 00 00 00 00 00 00 00  00 00 00 00 00 00 00 00  | ................
00000000000017B0 | 00 00 00 00 00 00 00 00  00 00 00 00 00 00 00 00  | ................
00000000000017C0 | 00 00 00 00 00 00 00 00  00 00 00 00 00 00 00 00  | ................
00000000000017D0 | 00 00 00 00 00 00 00 00  00 00 00 00 00 00 00 00  | ................
00000000000017E0 | 00 00 00 00 00 00 00 00  00 00 00 00 00 00 00 00  | ................
00000000000017F0 | 00 00 00 00 00 00 00 00  00 00 00 00 00 00 00 00  | ................
0000000000001800 | 00 00 00 00 00 00 00 00  00 00 00 00 00 00 00 00  | ................
0000000000001810 | 00 00 00 00 00 00 00 00  00 00 00 00 00 00 00 00  | ................
0000000000001820 | 00 00 00 00 00 00 00 00  00 00 00 00 00 00 00 00  | ................
0000000000001830 | 00 00 00 00 00 00 00 00  00 00 00 00 00 00 00 00  | ................
0000000000001840 | 00 00 00 00 00 00 00 00  00 00 00 00 00 00 00 00  | ................
0000000000001850 | 00 00 00 00 00 00 00 00  00 00 00 00 00 00 00 00  | ................
0000000000001860 | 00 00 00 00 00 00 00 00  00 00 00 00 00 00 00 00  | ................
0000000000001870 | 00 00 00 00 00 00 00 00  00 00 00 00 00 00 00 00  | ................
0000000000001880 | 00 00 00 00 00 00 00 00  00 00 00 00 00 00 00 00  | ................
0000000000001890 | 00 00 00 00 00 00 00 00  00 00 00 00 00 00 00 00  | ................
00000000000018A0 | 00 00 00 00 00 00 00 00  00 00 00 00 00 00 00 00  | ................
00000000000018B0 | 00 00 00 00 00 00 00 00  00 00 00 00 00 00 00 00  | ................
00000000000018C0 | 00 00 00 00 00 00 00 00  00 00 00 00 00 00 00 00  | ................
00000000000018D0 | 00 00 00 00 00 00 00 00  00 00 00 00 00 00 00 00  | ................
00000000000018E0 | 00 00 00 00 00 00 00 00  00 00 00 00 00 00 00 00  | ................
00000000000018F0 | 00 00 00 00 00 00 00 00  00 00 00 00 00 00 00 00  | ................
0000000000001900 | 00 00 00 00 00 00 00 00  00 00 00 00 00 00 00 00  | ................
0000000000001910 | 00 00 00 00 00 00 00 00  00 00 00 00 00 00 00 00  | ................
0000000000001920 | 00 00 00 00 00 00 00 00  00 00 00 00 00 00 00 00  | ................
0000000000001930 | 00 00 00 00 00 00 00 00  00 00 00 00 00 00 00 00  | ................
0000000000001940 | 00 00 00 00 00 00 00 00  00 00 00 00 00 00 00 00  | ................
0000000000001950 | 00 00 00 00 00 00 00 00  00 00 00 00 00 00 00 00  | ................
0000000000001960 | 00 00 00 00 00 00 00 00  00 00 00 00 00 00 00 00  | ................
0000000000001970 | 00 00 00 00 00 00 00 00  00 00 00 00 00 00 00 00  | ................
0000000000001980 | 00 00 00 00 00 00 00 00  00 00 00 00 00 00 00 00  | ................
0000000000001990 | 00 00 00 00 00 00 00 00  00 00 00 00 00 00 00 00  | ................
00000000000019A0 | 00 00 00 00 00 00 00 00  00 00 00 00 00 00 00 00  | ................
00000000000019B0 | 00 00 00 00 00 00 00 00  00 00 00 00 00 00 00 00  | ................
00000000000019C0 | 00 00 00 00 00 00 00 00  00 00 00 00 00 00 00 00  | ................
00000000000019D0 | 00 00 00 00 00 00 00 00  00 00 00 00 00 00 00 00  | ................
00000000000019E0 | 00 00 00 00 00 00 00 00  00 00 00 00 00 00 00 00  | ................
00000000000019F0 | 00 00 00 00 00 00 00 00  00 00 00 00 00 00 00 00  | ................
0000000000001A00 | 00 00 00 00 00 00 00 00  00 00 00 00 00 00 00 00  | ................
0000000000001A10 | 00 00 00 00 00 00 00 00  00 00 00 00 00 00 00 00  | ................
0000000000001A20 | 00 00 00 00 00 00 00 00  00 00 00 00 00 00 00 00  | ................
0000000000001A30 | 00 00 00 00 00 00 00 00  00 00 00 00 00 00 00 00  | ................
0000000000001A40 | 00 00 00 00 00 00 00 00  00 00 00 00 00 00 00 00  | ................
0000000000001A50 | 00 00 00 00 00 00 00 00  00 00 00 00 00 00 00 00  | ................
0000000000001A60 | 00 00 00 00 00 00 00 00  00 00 00 00 00 00 00 00  | ................
0000000000001A70 | 00 00 00 00 00 00 00 00  00 00 00 00 00 00 00 00  | ................
0000000000001A80 | 00 00 00 00 00 00 00 00  00 00 00 00 00 00 00 00  | ................
0000000000001A90 | 00 00 00 00 00 00 00 00  00 00 00 00 00 00 00 00  | ................
0000000000001AA0 | 00 00 00 00 00 00 00 00  00 00 00 00 00 00 00 00  | ................
0000000000001AB0 | 00 00 00 00 00 00 00 00  00 00 00 00 00 00 00 00  | ................
0000000000001AC0 | 00 00 00 00 00 00 00 00  00 00 00 00 00 00 00 00  | ................
0000000000001AD0 | 00 00 00 00 00 00 00 00  00 00 00 00 00 00 00 00  | ................
0000000000001AE0 | 00 00 00 00 00 00 00 00  00 00 00 00 00 00 00 00  | ................
0000000000001AF0 | 00 00 00 00 00 00 00 00  00 00 00 00 00 00 00 00  | ................
0000000000001B00 | 00 00 00 00 00 00 00 00  00 00 00 00 00 00 00 00  | ................
0000000000001B10 | 00 00 00 00 00 00 00 00  00 00 00 00 00 00 00 00  | ................
0000000000001B20 | 00 00 00 00 00 00 00 00  00 00 00 00 00 00 00 00  | ................
0000000000001B30 | 00 00 00 00 00 00 00 00  00 00 00 00 00 00 00 00  | ................
0000000000001B40 | 00 00 00 00 00 00 00 00  00 00 00 00 00 00 00 00  | ................
0000000000001B50 | 00 00 00 00 00 00 00 00  00 00 00 00 00 00 00 00  | ................
0000000000001B60 | 00 00 00 00 00 00 00 00  00 00 00 00 00 00 00 00  | ................
0000000000001B70 | 00 00 00 00 00 00 00 00  00 00 00 00 00 00 00 00  | ................
0000000000001B80 | 00 00 00 00 00 00 00 00  00 00 00 00 00 00 00 00  | ................
0000000000001B90 | 00 00 00 00 00 00 00 00  00 00 00 00 00 00 00 00  | ................
0000000000001BA0 | 00 00 00 00 00 00 00 00  00 00 00 00 00 00 00 00  | ................
0000000000001BB0 | 00 00 00 00 00 00 00 00  00 00 00 00 00 00 00 00  | ................
0000000000001BC0 | 00 00 00 00 00 00 00 00  00 00 00 00 00 00 00 00  | ................
0000000000001BD0 | 00 00 00 00 00 00 00 00  00 00 00 00 00 00 00 00  | ................
0000000000001BE0 | 00 00 00 00 00 00 00 00  00 00 00 00 00 00 00 00  | ................
0000000000001BF0 | 00 00 00 00 00 00 00 00  00 00 00 00 00 00 00 00  | ................
0000000000001C00 | 00 00 00 00 00 00 00 00  00 00 00 00 00 00 00 00  | ................
0000000000001C10 | 00 00 00 00 00 00 00 00  00 00 00 00 00 00 00 00  | ................
0000000000001C20 | 00 00 00 00 00 00 00 00  00 00 00 00 00 00 00 00  | ................
0000000000001C30 | 00 00 00 00 00 00 00 00  00 00 00 00 00 00 00 00  | ................
0000000000001C40 | 00 00 00 00 00 00 00 00  00 00 00 00 00 00 00 00  | ................
0000000000001C50 | 00 00 00 00 00 00 00 00  00 00 00 00 00 00 00 00  | ................
0000000000001C60 | 00 00 00 00 00 00 00 00  00 00 00 00 00 00 00 00  | ................
0000000000001C70 | 00 00 00 00 00 00 00 00  00 00 00 00 00 00 00 00  | ................
0000000000001C80 | 00 00 00 00 00 00 00 00  00 00 00 00 00 00 00 00  | ................
0000000000001C90 | 00 00 00 00 00 00 00 00  00 00 00 00 00 00 00 00  | ................
0000000000001CA0 | 00 00 00 00 00 00 00 00  00 00 00 00 00 00 00 00  | ................
0000000000001CB0 | 00 00 00 00 00 00 00 00  00 00 00 00 00 00 00 00  | ................
0000000000001CC0 | 00 00 00 00 00 00 00 00  00 00 00 00 00 00 00 00  | ................
0000000000001CD0 | 00 00 00 00 00 00 00 00  00 00 00 00 00 00 00 00  | ................
0000000000001CE0 | 00 00 00 00 00 00 00 00  00 00 00 00 00 00 00 00  | ................
0000000000001CF0 | 00 00 00 00 00 00 00 00  00 00 00 00 00 00 00 00  | ................
0000000000001D00 | 00 00 00 00 00 00 00 00  00 00 00 00 00 00 00 00  | ................
0000000000001D10 | 00 00 00 00 00 00 00 00  00 00 00 00 00 00 00 00  | ................
0000000000001D20 | 00 00 00 00 00 00 00 00  00 00 00 00 00 00 00 00  | ................
0000000000001D30 | 00 00 00 00 00 00 00 00  00 00 00 00 00 00 00 00  | ................
0000000000001D40 | 00 00 00 00 00 00 00 00  00 00 00 00 00 00 00 00  | ................
0000000000001D50 | 00 00 00 00 00 00 00 00  00 00 00 00 00 00 00 00  | ................
0000000000001D60 | 00 00 00 00 00 00 00 00  00 00 00 00 00 00 00 00  | ................
0000000000001D70 | 00 00 00 00 00 00 00 00  00 00 00 00 00 00 00 00  | ................
0000000000001D80 | 00 00 00 00 00 00 00 00  00 00 00 00 00 00 00 00  | ................
0000000000001D90 | 00 00 00 00 00 00 00 00  00 00 00 00 00 00 00 00  | ................
0000000000001DA0 | 00 00 00 00 00 00 00 00  00 00 00 00 00 00 00 00  | ................
0000000000001DB0 | 00 00 00 00 00 00 00 00  00 00 00 00 00 00 00 00  | ................
0000000000001DC0 | 00 00 00 00 00 00 00 00  00 00 00 00 00 00 00 00  | ................
0000000000001DD0 | 00 00 00 00 00 00 00 00  00 00 00 00 00 00 00 00  | ................
0000000000001DE0 | 00 00 00 00 00 00 00 00  00 00 00 00 00 00 00 00  | ................
0000000000001DF0 | 00 00 00 00 00 00 00 00  00 00 00 00 00 00 00 00  | ................
0000000000001E00 | 00 00 00 00 00 00 00 00  00 00 00 00 00 00 00 00  | ................
0000000000001E10 | 00 00 00 00 00 00 00 00  00 00 00 00 00 00 00 00  | ................
0000000000001E20 | 00 00 00 00 00 00 00 00  00 00 00 00 00 00 00 00  | ................
0000000000001E30 | 00 00 00 00 00 00 00 00  00 00 00 00 00 00 00 00  | ................
0000000000001E40 | 00 00 00 00 00 00 00 00  00 00 00 00 00 00 00 00  | ................
0000000000001E50 | 00 00 00 00 00 00 00 00  00 00 00 00 00 00 00 00  | ................
0000000000001E60 | 00 00 00 00 00 00 00 00  00 00 00 00 00 00 00 00  | ................
0000000000001E70 | 00 00 00 00 00 00 00 00  00 00 00 00 00 00 00 00  | ................
0000000000001E80 | 00 00 00 00 00 00 00 00  00 00 00 00 00 00 00 00  | ................
0000000000001E90 | 00 00 00 00 00 00 00 00  00 00 00 00 00 00 00 00  | ................
0000000000001EA0 | 00 00 00 00 00 00 00 00  00 00 00 00 00 00 00 00  | ................
0000000000001EB0 | 00 00 00 00 00 00 00 00  00 00 00 00 00 00 00 00  | ................
0000000000001EC0 | 00 00 00 00 00 00 00 00  00 00 00 00 00 00 00 00  | ................
0000000000001ED0 | 00 00 00 00 00 00 00 00  00 00 00 00 00 00 00 00  | ................
0000000000001EE0 | 00 00 00 00 00 00 00 00  00 00 00 00 00 00 00 00  | ................
0000000000001EF0 | 00 00 00 00 00 00 00 00  00 00 00 00 00 00 00 00  | ................
0000000000001F00 | 00 00 00 00 00 00 00 00  00 00 00 00 00 00 00 00  | ................
0000000000001F10 | 00 00 00 00 00 00 00 00  00 00 00 00 00 00 00 00  | ................
0000000000001F20 | 00 00 00 00 00 00 00 00  00 00 00 00 00 00 00 00  | ................
0000000000001F30 | 00 00 00 00 00 00 00 00  00 00 00 00 00 00 00 00  | ................
0000000000001F40 | 00 00 00 00 00 00 00 00  00 00 00 00 00 00 00 00  | ................
0000000000001F50 | 00 00 00 00 00 00 00 00  00 00 00 00 00 00 00 00  | ................
0000000000001F60 | 00 00 00 00 00 00 00 00  00 00 00 00 00 00 00 00  | ................
0000000000001F70 | 00 00 00 00 00 00 00 00  00 00 00 00 00 00 00 00  | ................
0000000000001F80 | 00 00 00 00 00 00 00 00  00 00 00 00 00 00 00 00  | ................
0000000000001F90 | 00 00 00 00 00 00 00 00  00 00 00 00 00 00 00 00  | ................
0000000000001FA0 | 00 00 00 00 00 00 00 00  00 00 00 00 00 00 00 00  | ................
0000000000001FB0 | 00 00 00 00 00 00 00 00  00 00 00 00 00 00 00 00  | ................
0000000000001FC0 | 00 00 00 00 00 00 00 00  00 00 00 00 00 00 00 00  | ................
0000000000001FD0 | 00 00 00 00 00 00 00 00  00 00 00 00 00 00 00 00  | ................
0000000000001FE0 | 00 00 00 00 00 00 00 00  00 00 00 00 00 00 00 00  | ................
0000000000001FF0 | 00 00 00 00 00 00 00 00  00 00 00 00 00 00 00 00  | ................
0000000000002000 | 00 00 00 00 00 00 00 00  00 00 00 00 00 00 00 00  | ................
0000000000002010 | 00 00 00 00 00 00 00 00  00 00 00 00 00 00 00 00  | ................
0000000000002020 | 00 00 00 00 00 00 00 00  00 00 00 00 00 00 00 00  | ................
0000000000002030 | 00 00 00 00 00 00 00 00  00 00 00 00 00 00 00 00  | ................
0000000000002040 | 00 00 00 00 00 00 00 00  00 00 00 00 00 00 00 00  | ................
0000000000002050 | 00 00 00 00 00 00 00 00  00 00 00 00 00 00 00 00  | ................
0000000000002060 | 00 00 00 00 00 00 00 00  00 00 00 00 00 00 00 00  | ................
0000000000002070 | 00 00 00 00 00 00 00 00  00 00 00 00 00 00 00 00  | ................
0000000000002080 | 00 00 00 00 00 00 00 00  00 00 00 00 00 00 00 00  | ................
0000000000002090 | 00 00 00 00 00 00 00 00  00 00 00 00 00 00 00 00  | ................
00000000000020A0 | 00 00 00 00 00 00 00 00  00 00 00 00 00 00 00 00  | ................
00000000000020B0 | 00 00 00 00 00 00 00 00  00 00 00 00 00 00 00 00  | ................
00000000000020C0 | 00 00 00 00 00 00 00 00  00 00 00 00 00 00 00 00  | ................
00000000000020D0 | 00 00 00 00 00 00 00 00  00 00 00 00 00 00 00 00  | ................
00000000000020E0 | 00 00 00 00 00 00 00 00  00 00 00 00 00 00 00 00  | ................
00000000000020F0 | 00 00 00 00 00 00 00 00  00 00 00 00 00 00 00 00  | ................
0000000000002100 | 00 00 00 00 00 00 00 00  00 00 00 00 00 00 00 00  | ................
0000000000002110 | 00 00 00 00 00 00 00 00  00 00 00 00 00 00 00 00  | ................
0000000000002120 | 00 00 00 00 00 00 00 00  00 00 00 00 00 00 00 00  | ................
0000000000002130 | 00 00 00 00 00 00 00 00  00 00 00 00 00 00 00 00  | ................
0000000000002140 | 00 00 00 00 00 00 00 00  00 00 00 00 00 00 00 00  | ................
0000000000002150 | 00 00 00 00 00 00 00 00  00 00 00 00 00 00 00 00  | ................
0000000000002160 | 00 00 00 00 00 00 00 00  00 00 00 00 00 00 00 00  | ................
0000000000002170 | 00 00 00 00 00 00 00 00  00 00 00 00 00 00 00 00  | ................
0000000000002180 | 00 00 00 00 00 00 00 00  00 00 00 00 00 00 00 00  | ................
0000000000002190 | 00 00 00 00 00 00 00 00  00 00 00 00 00 00 00 00  | ................
00000000000021A0 | 00 00 00 00 00 00 00 00  00 00 00 00 00 00 00 00  | ................
00000000000021B0 | 00 00 00 00 00 00 00 00  00 00 00 00 00 00 00 00  | ................
00000000000021C0 | 00 00 00 00 00 00 00 00  00 00 00 00 00 00 00 00  | ................
00000000000021D0 | 00 00 00 00 00 00 00 00  00 00 00 00 00 00 00 00  | ................
00000000000021E0 | 00 00 00 00 00 00 00 00  00 00 00 00 00 00 00 00  | ................
00000000000021F0 | 00 00 00 00 00 00 00 00  00 00 00 00 00 00 00 00  | ................
0000000000002200 | 00 00 00 00 00 00 00 00  00 00 00 00 00 00 00 00  | ................
0000000000002210 | 00 00 00 00 00 00 00 00  00 00 00 00 00 00 00 00  | ................
0000000000002220 | 00 00 00 00 00 00 00 00  00 00 00 00 00 00 00 00  | ................
0000000000002230 | 00 00 00 00 00 00 00 00  00 00 00 00 00 00 00 00  | ................
0000000000002240 | 00 00 00 00 00 00 00 00  00 00 00 00 00 00 00 00  | ................
0000000000002250 | 00 00 00 00 00 00 00 00  00 00 00 00 00 00 00 00  | ................
0000000000002260 | 00 00 00 00 00 00 00 00  00 00 00 00 00 00 00 00  | ................
0000000000002270 | 00 00 00 00 00 00 00 00  00 00 00 00 00 00 00 00  | ................
0000000000002280 | 00 00 00 00 00 00 00 00  00 00 00 00 00 00 00 00  | ................
0000000000002290 | 00 00 00 00 00 00 00 00  00 00 00 00 00 00 00 00  | ................
00000000000022A0 | 00 00 00 00 00 00 00 00  00 00 00 00 00 00 00 00  | ................
00000000000022B0 | 00 00 00 00 00 00 00 00  00 00 00 00 00 00 00 00  | ................
00000000000022C0 | 00 00 00 00 00 00 00 00  00 00 00 00 00 00 00 00  | ................
00000000000022D0 | 00 00 00 00 00 00 00 00  00 00 00 00 00 00 00 00  | ................
00000000000022E0 | 00 00 00 00 00 00 00 00  00 00 00 00 00 00 00 00  | ................
00000000000022F0 | 00 00 00 00 00 00 00 00  00 00 00 00 00 00 00 00  | ................
0000000000002300 | 00 00 00 00 00 00 00 00  00 00 00 00 00 00 00 00  | ................
0000000000002310 | 00 00 00 00 00 00 00 00  00 00 00 00 00 00 00 00  | ................
0000000000002320 | 00 00 00 00 00 00 00 00  00 00 00 00 00 00 00 00  | ................
0000000000002330 | 00 00 00 00 00 00 00 00  00 00 00 00 00 00 00 00  | ................
0000000000002340 | 00 00 00 00 00 00 00 00  00 00 00 00 00 00 00 00  | ................
0000000000002350 | 00 00 00 00 00 00 00 00  00 00 00 00 00 00 00 00  | ................
0000000000002360 | 00 00 00 00 00 00 00 00  00 00 00 00 00 00 00 00  | ................
0000000000002370 | 00 00 00 00 00 00 00 00  00 00 00 00 00 00 00 00  | ................
0000000000002380 | 00 00 00 00 00 00 00 00  00 00 00 00 00 00 00 00  | ................
0000000000002390 | 00 00 00 00 00 00 00 00  00 00 00 00 00 00 00 00  | ................
00000000000023A0 | 00 00 00 00 00 00 00 00  00 00 00 00 00 00 00 00  | ................
00000000000023B0 | 00 00 00 00 00 00 00 00  00 00 00 00 00 00 00 00  | ................
00000000000023C0 | 00 00 00 00 00 00 00 00  00 00 00 00 00 00 00 00  | ................
00000000000023D0 | 00 00 00 00 00 00 00 00  00 00 00 00 00 00 00 00  | ................
00000000000023E0 | 00 00 00 00 00 00 00 00  00 00 00 00 00 00 00 00  | ................
00000000000023F0 | 00 00 00 00 00 00 00 00  00 00 00 00 00 00 00 00  | ................
0000000000002400 | 00 00 00 00 00 00 00 00  00 00 00 00 00 00 00 00  | ................
0000000000002410 | 00 00 00 00 00 00 00 00  00 00 00 00 00 00 00 00  | ................
0000000000002420 | 00 00 00 00 00 00 00 00  00 00 00 00 00 00 00 00  | ................
0000000000002430 | 00 00 00 00 00 00 00 00  00 00 00 00 00 00 00 00  | ................
0000000000002440 | 00 00 00 00 00 00 00 00  00 00 00 00 00 00 00 00  | ................
0000000000002450 | 00 00 00 00 00 00 00 00  00 00 00 00 00 00 00 00  | ................
0000000000002460 | 00 00 00 00 00 00 00 00  00 00 00 00 00 00 00 00  | ................
0000000000002470 | 00 00 00 00 00 00 00 00  00 00 00 00 00 00 00 00  | ................
0000000000002480 | 00 00 00 00 00 00 00 00  00 00 00 00 00 00 00 00  | ................
0000000000002490 | 00 00 00 00 00 00 00 00  00 00 00 00 00 00 00 00  | ................
00000000000024A0 | 00 00 00 00 00 00 00 00  00 00 00 00 00 00 00 00  | ................
00000000000024B0 | 00 00 00 00 00 00 00 00  00 00 00 00 00 00 00 00  | ................
00000000000024C0 | 00 00 00 00 00 00 00 00  00 00 00 00 00 00 00 00  | ................
00000000000024D0 | 00 00 00 00 00 00 00 00  00 00 00 00 00 00 00 00  | ................
00000000000024E0 | 00 00 00 00 00 00 00 00  00 00 00 00 00 00 00 00  | ................
00000000000024F0 | 00 00 00 00 00 00 00 00  00 00 00 00 00 00 00 00  | ................
0000000000002500 | 00 00 00 00 00 00 00 00  00 00 00 00 00 00 00 00  | ................
0000000000002510 | 00 00 00 00 00 00 00 00  00 00 00 00 00 00 00 00  | ................
0000000000002520 | 00 00 00 00 00 00 00 00  00 00 00 00 00 00 00 00  | ................
0000000000002530 | 00 00 00 00 00 00 00 00  00 00 00 00 00 00 00 00  | ................
0000000000002540 | 00 00 00 00 00 00 00 00  00 00 00 00 00 00 00 00  | ................
0000000000002550 | 00 00 00 00 00 00 00 00  00 00 00 00 00 00 00 00  | ................
0000000000002560 | 00 00 00 00 00 00 00 00  00 00 00 00 00 00 00 00  | ................
0000000000002570 | 00 00 00 00 00 00 00 00  00 00 00 00 00 00 00 00  | ................
0000000000002580 | 00 00 00 00 00 00 00 00  00 00 00 00 00 00 00 00  | ................
0000000000002590 | 00 00 00 00 00 00 00 00  00 00 00 00 00 00 00 00  | ................
00000000000025A0 | 00 00 00 00 00 00 00 00  00 00 00 00 00 00 00 00  | ................
00000000000025B0 | 00 00 00 00 00 00 00 00  00 00 00 00 00 00 00 00  | ................
00000000000025C0 | 00 00 00 00 00 00 00 00  00 00 00 00 00 00 00 00  | ................
00000000000025D0 | 00 00 00 00 00 00 00 00  00 00 00 00 00 00 00 00  | ................
00000000000025E0 | 00 00 00 00 00 00 00 00  00 00 00 00 00 00 00 00  | ................
00000000000025F0 | 00 00 00 00 00 00 00 00  00 00 00 00 00 00 00 00  | ................
0000000000002600 | 00 00 00 00 00 00 00 00  00 00 00 00 00 00 00 00  | ................
0000000000002610 | 00 00 00 00 00 00 00 00  00 00 00 00 00 00 00 00  | ................
0000000000002620 | 00 00 00 00 00 00 00 00  00 00 00 00 00 00 00 00  | ................
0000000000002630 | 00 00 00 00 00 00 00 00  00 00 00 00 00 00 00 00  | ................
0000000000002640 | 00 00 00 00 00 00 00 00  00 00 00 00 00 00 00 00  | ................
0000000000002650 | 00 00 00 00 00 00 00 00  00 00 00 00 00 00 00 00  | ................
0000000000002660 | 00 00 00 00 00 00 00 00  00 00 00 00 00 00 00 00  | ................
0000000000002670 | 00 00 00 00 00 00 00 00  00 00 00 00 00 00 00 00  | ................
0000000000002680 | 00 00 00 00 00 00 00 00  00 00 00 00 00 00 00 00  | ................
0000000000002690 | 00 00 00 00 00 00 00 00  00 00 00 00 00 00 00 00  | ................
00000000000026A0 | 00 00 00 00 00 00 00 00  00 00 00 00 00 00 00 00  | ................
00000000000026B0 | 00 00 00 00 00 00 00 00  00 00 00 00 00 00 00 00  | ................
00000000000026C0 | 00 00 00 00 00 00 00 00  00 00 00 00 00 00 00 00  | ................
00000000000026D0 | 00 00 00 00 00 00 00 00  00 00 00 00 00 00 00 00  | ................
00000000000026E0 | 00 00 00 00 00 00 00 00  00 00 00 00 00 00 00 00  | ................
00000000000026F0 | 00 00 00 00 00 00 00 00  00 00 00 00 00 00 00 00  | ................
0000000000002700 | 00 00 00 00 00 00 00 00  00 00 00 00 00 00 00 00  | ................
0000000000002710 | 00 00 00 00 00 00 00 00  00 00 00 00 00 00 00 00  | ................
0000000000002720 | 00 00 00 00 00 00 00 00  00 00 00 00 00 00 00 00  | ................
0000000000002730 | 00 00 00 00 00 00 00 00  00 00 00 00 00 00 00 00  | ................
0000000000002740 | 00 00 00 00 00 00 00 00  00 00 00 00 00 00 00 00  | ................
0000000000002750 | 00 00 00 00 00 00 00 00  00 00 00 00 00 00 00 00  | ................
0000000000002760 | 00 00 00 00 00 00 00 00  00 00 00 00 00 00 00 00  | ................
0000000000002770 | 00 00 00 00 00 00 00 00  00 00 00 00 00 00 00 00  | ................
0000000000002780 | 00 00 00 00 00 00 00 00  00 00 00 00 00 00 00 00  | ................
0000000000002790 | 00 00 00 00 00 00 00 00  00 00 00 00 00 00 00 00  | ................
00000000000027A0 | 00 00 00 00 00 00 00 00  00 00 00 00 00 00 00 00  | ................
00000000000027B0 | 00 00 00 00 00 00 00 00  00 00 00 00 00 00 00 00  | ................
00000000000027C0 | 00 00 00 00 00 00 00 00  00 00 00 00 00 00 00 00  | ................
00000000000027D0 | 00 00 00 00 00 00 00 00  00 00 00 00 00 00 00 00  | ................
00000000000027E0 | 00 00 00 00 00 00 00 00  00 00 00 00 00 00 00 00  | ................
00000000000027F0 | 00 00 00 00 00 00 00 00  00 00 00 00 00 00 00 00  | ................
0000000000002800 | 00 00 00 00 00 00 00 00  00 00 00 00 00 00 00 00  | ................
0000000000002810 | 00 00 00 00 00 00 00 00  00 00 00 00 00 00 00 00  | ................
0000000000002820 | 00 00 00 00 00 00 00 00  00 00 00 00 00 00 00 00  | ................
0000000000002830 | 00 00 00 00 00 00 00 00  00 00 00 00 00 00 00 00  | ................
0000000000002840 | 00 00 00 00 00 00 00 00  00 00 00 00 00 00 00 00  | ................
0000000000002850 | 00 00 00 00 00 00 00 00  00 00 00 00 00 00 00 00  | ................
0000000000002860 | 00 00 00 00 00 00 00 00  00 00 00 00 00 00 00 00  | ................
0000000000002870 | 00 00 00 00 00 00 00 00  00 00 00 00 00 00 00 00  | ................
0000000000002880 | 00 00 00 00 00 00 00 00  00 00 00 00 00 00 00 00  | ................
0000000000002890 | 00 00 00 00 00 00 00 00  00 00 00 00 00 00 00 00  | ................
00000000000028A0 | 00 00 00 00 00 00 00 00  00 00 00 00 00 00 00 00  | ................
00000000000028B0 | 00 00 00 00 00 00 00 00  00 00 00 00 00 00 00 00  | ................
00000000000028C0 | 00 00 00 00 00 00 00 00  00 00 00 00 00 00 00 00  | ................
00000000000028D0 | 00 00 00 00 00 00 00 00  00 00 00 00 00 00 00 00  | ................
00000000000028E0 | 00 00 00 00 00 00 00 00  00 00 00 00 00 00 00 00  | ................
00000000000028F0 | 00 00 00 00 00 00 00 00  00 00 00 00 00 00 00 00  | ................
0000000000002900 | 00 00 00 00 00 00 00 00  00 00 00 00 00 00 00 00  | ................
0000000000002910 | 00 00 00 00 00 00 00 00  00 00 00 00 00 00 00 00  | ................
0000000000002920 | 00 00 00 00 00 00 00 00  00 00 00 00 00 00 00 00  | ................
0000000000002930 | 00 00 00 00 00 00 00 00  00 00 00 00 00 00 00 00  | ................
0000000000002940 | 00 00 00 00 00 00 00 00  00 00 00 00 00 00 00 00  | ................
0000000000002950 | 00 00 00 00 00 00 00 00  00 00 00 00 00 00 00 00  | ................
0000000000002960 | 00 00 00 00 00 00 00 00  00 00 00 00 00 00 00 00  | ................
0000000000002970 | 00 00 00 00 00 00 00 00  00 00 00 00 00 00 00 00  | ................
0000000000002980 | 00 00 00 00 00 00 00 00  00 00 00 00 00 00 00 00  | ................
0000000000002990 | 00 00 00 00 00 00 00 00  00 00 00 00 00 00 00 00  | ................
00000000000029A0 | 00 00 00 00 00 00 00 00  00 00 00 00 00 00 00 00  | ................
00000000000029B0 | 00 00 00 00 00 00 00 00  00 00 00 00 00 00 00 00  | ................
00000000000029C0 | 00 00 00 00 00 00 00 00  00 00 00 00 00 00 00 00  | ................
00000000000029D0 | 00 00 00 00 00 00 00 00  00 00 00 00 00 00 00 00  | ................
00000000000029E0 | 00 00 00 00 00 00 00 00  00 00 00 00 00 00 00 00  | ................
00000000000029F0 | 00 00 00 00 00 00 00 00  00 00 00 00 00 00 00 00  | ................
0000000000002A00 | 00 00 00 00 00 00 00 00  00 00 00 00 00 00 00 00  | ................
0000000000002A10 | 00 00 00 00 00 00 00 00  00 00 00 00 00 00 00 00  | ................
0000000000002A20 | 00 00 00 00 00 00 00 00  00 00 00 00 00 00 00 00  | ................
0000000000002A30 | 00 00 00 00 00 00 00 00  00 00 00 00 00 00 00 00  | ................
0000000000002A40 | 00 00 00 00 00 00 00 00  00 00 00 00 00 00 00 00  | ................
0000000000002A50 | 00 00 00 00 00 00 00 00  00 00 00 00 00 00 00 00  | ................
0000000000002A60 | 00 00 00 00 00 00 00 00  00 00 00 00 00 00 00 00  | ................
0000000000002A70 | 00 00 00 00 00 00 00 00  00 00 00 00 00 00 00 00  | ................
0000000000002A80 | 00 00 00 00 00 00 00 00  00 00 00 00 00 00 00 00  | ................
0000000000002A90 | 00 00 00 00 00 00 00 00  00 00 00 00 00 00 00 00  | ................
0000000000002AA0 | 00 00 00 00 00 00 00 00                           | ........
