# Memory dump: 0x4000 - 0x4038
# Segment: __dyld
#============================================================================

# Address        | Hex Bytes                                       | ASCII
#----------------------------------------------------------------------------
0000000000004000 | 00 00 00 00 00 00 00 00  00 00 00 00 00 00 00 00  | ................
0000000000004010 | 00 00 00 00 00 00 00 00  98 42 00 00 00 00 00 00  | .........B......
0000000000004020 | A0 42 00 00 00 00 00 00  A8 42 00 00 00 00 00 00  | .B.......B......
0000000000004030 | B0 42 00 00 00 00 00 00                           | .B......
