# Memory dump: 0x4050 - 0x40c0
# Segment: __la_symbol_ptr
#============================================================================

# Address        | Hex Bytes                                       | ASCII
#----------------------------------------------------------------------------
0000000000004050 | C0 42 00 00 00 00 00 00  C8 42 00 00 00 00 00 00  | .B.......B......
0000000000004060 | E8 42 00 00 00 00 00 00  F0 42 00 00 00 00 00 00  | .B.......B......
0000000000004070 | F8 42 00 00 00 00 00 00  00 43 00 00 00 00 00 00  | .B.......C......
0000000000004080 | 08 43 00 00 00 00 00 00  10 43 00 00 00 00 00 00  | .C.......C......
0000000000004090 | 18 43 00 00 00 00 00 00  20 43 00 00 00 00 00 00  | .C...... C......
00000000000040A0 | 30 43 00 00 00 00 00 00  38 43 00 00 00 00 00 00  | 0C......8C......
00000000000040B0 | 28 43 00 00 00 00 00 00  40 43 00 00 00 00 00 00  | (C......@C......
