# Memory dump: 0xc8c0 - 0xe0d8
# Segment: __objc_const
#============================================================================

# Address        | Hex Bytes                                       | ASCII
#----------------------------------------------------------------------------
000000000000C8C0 | 18 00 00 00 13 00 00 00  43 93 00 00 00 00 00 00  | ........C.......
000000000000C8D0 | 0A AB 00 00 00 00 00 00  00 00 00 00 00 00 00 00  | ................
000000000000C8E0 | 4C 93 00 00 00 00 00 00  15 AB 00 00 00 00 00 00  | L...............
000000000000C8F0 | 00 00 00 00 00 00 00 00  52 93 00 00 00 00 00 00  | ........R.......
000000000000C900 | 1D AB 00 00 00 00 00 00  00 00 00 00 00 00 00 00  | ................
000000000000C910 | 57 93 00 00 00 00 00 00  25 AB 00 00 00 00 00 00  | W.......%.......
000000000000C920 | 00 00 00 00 00 00 00 00  68 93 00 00 00 00 00 00  | ........h.......
000000000000C930 | 30 AB 00 00 00 00 00 00  00 00 00 00 00 00 00 00  | 0...............
000000000000C940 | 84 93 00 00 00 00 00 00  3E AB 00 00 00 00 00 00  | ........>.......
000000000000C950 | 00 00 00 00 00 00 00 00  AB 93 00 00 00 00 00 00  | ................
000000000000C960 | 4F AB 00 00 00 00 00 00  00 00 00 00 00 00 00 00  | O...............
000000000000C970 | B3 93 00 00 00 00 00 00  57 AB 00 00 00 00 00 00  | ........W.......
000000000000C980 | 00 00 00 00 00 00 00 00  C2 93 00 00 00 00 00 00  | ................
000000000000C990 | 57 AB 00 00 00 00 00 00  00 00 00 00 00 00 00 00  | W...............
000000000000C9A0 | D3 93 00 00 00 00 00 00  0A AB 00 00 00 00 00 00  | ................
000000000000C9B0 | 00 00 00 00 00 00 00 00  E7 93 00 00 00 00 00 00  | ................
000000000000C9C0 | 62 AB 00 00 00 00 00 00  00 00 00 00 00 00 00 00  | b...............
000000000000C9D0 | FB 93 00 00 00 00 00 00  1D AB 00 00 00 00 00 00  | ................
000000000000C9E0 | 00 00 00 00 00 00 00 00  02 94 00 00 00 00 00 00  | ................
000000000000C9F0 | 6D AB 00 00 00 00 00 00  00 00 00 00 00 00 00 00  | m...............
000000000000CA00 | 0A 94 00 00 00 00 00 00  1D AB 00 00 00 00 00 00  | ................
000000000000CA10 | 00 00 00 00 00 00 00 00  16 94 00 00 00 00 00 00  | ................
000000000000CA20 | 76 AB 00 00 00 00 00 00  00 00 00 00 00 00 00 00  | v...............
000000000000CA30 | 22 94 00 00 00 00 00 00  7E AB 00 00 00 00 00 00  | ".......~.......
000000000000CA40 | 00 00 00 00 00 00 00 00  27 94 00 00 00 00 00 00  | ........'.......
000000000000CA50 | 76 AB 00 00 00 00 00 00  00 00 00 00 00 00 00 00  | v...............
000000000000CA60 | 2C 94 00 00 00 00 00 00  15 AB 00 00 00 00 00 00  | ,...............
000000000000CA70 | 00 00 00 00 00 00 00 00  37 94 00 00 00 00 00 00  | ........7.......
000000000000CA80 | 1D AB 00 00 00 00 00 00  00 00 00 00 00 00 00 00  | ................
000000000000CA90 | 18 00 00 00 01 00 00 00  43 94 00 00 00 00 00 00  | ........C.......
000000000000CAA0 | 1D AB 00 00 00 00 00 00  00 00 00 00 00 00 00 00  | ................
000000000000CAB0 | 10 00 00 00 04 00 00 00  6B B7 00 00 00 00 00 00  | ........k.......
000000000000CAC0 | 70 B7 00 00 00 00 00 00  75 B7 00 00 00 00 00 00  | p.......u.......
000000000000CAD0 | 80 B7 00 00 00 00 00 00  85 B7 00 00 00 00 00 00  | ................
000000000000CAE0 | 91 B7 00 00 00 00 00 00  A2 B7 00 00 00 00 00 00  | ................
000000000000CAF0 | 91 B7 00 00 00 00 00 00  0A AB 00 00 00 00 00 00  | ................
000000000000CB00 | 15 AB 00 00 00 00 00 00  1D AB 00 00 00 00 00 00  | ................
000000000000CB10 | 25 AB 00 00 00 00 00 00  30 AB 00 00 00 00 00 00  | %.......0.......
000000000000CB20 | 3E AB 00 00 00 00 00 00  4F AB 00 00 00 00 00 00  | >.......O.......
000000000000CB30 | 57 AB 00 00 00 00 00 00  57 AB 00 00 00 00 00 00  | W.......W.......
000000000000CB40 | 90 AB 00 00 00 00 00 00  62 AB 00 00 00 00 00 00  | ........b.......
000000000000CB50 | 1D AB 00 00 00 00 00 00  6D AB 00 00 00 00 00 00  | ........m.......
000000000000CB60 | 1D AB 00 00 00 00 00 00  76 AB 00 00 00 00 00 00  | ........v.......
000000000000CB70 | 7E AB 00 00 00 00 00 00  76 AB 00 00 00 00 00 00  | ~.......v.......
000000000000CB80 | 15 AB 00 00 00 00 00 00  A5 AB 00 00 00 00 00 00  | ................
000000000000CB90 | A5 AB 00 00 00 00 00 00  01 00 00 00 00 00 00 00  | ................
000000000000CBA0 | E8 E6 00 00 00 00 00 00  00 00 00 00 00 00 00 00  | ................
000000000000CBB0 | 18 00 00 00 31 00 00 00  54 94 00 00 00 00 00 00  | ....1...T.......
000000000000CBC0 | B7 AB 00 00 00 00 00 00  00 00 00 00 00 00 00 00  | ................
000000000000CBD0 | 73 94 00 00 00 00 00 00  C2 AB 00 00 00 00 00 00  | s...............
000000000000CBE0 | 00 00 00 00 00 00 00 00  9F 94 00 00 00 00 00 00  | ................
000000000000CBF0 | C2 AB 00 00 00 00 00 00  00 00 00 00 00 00 00 00  | ................
000000000000CC00 | CA 94 00 00 00 00 00 00  B7 AB 00 00 00 00 00 00  | ................
000000000000CC10 | 00 00 00 00 00 00 00 00  E6 94 00 00 00 00 00 00  | ................
000000000000CC20 | B7 AB 00 00 00 00 00 00  00 00 00 00 00 00 00 00  | ................
000000000000CC30 | 03 95 00 00 00 00 00 00  C2 AB 00 00 00 00 00 00  | ................
000000000000CC40 | 00 00 00 00 00 00 00 00  1E 95 00 00 00 00 00 00  | ................
000000000000CC50 | D0 AB 00 00 00 00 00 00  00 00 00 00 00 00 00 00  | ................
000000000000CC60 | 50 95 00 00 00 00 00 00  E4 AB 00 00 00 00 00 00  | P...............
000000000000CC70 | 00 00 00 00 00 00 00 00  6D 95 00 00 00 00 00 00  | ........m.......
000000000000CC80 | B7 AB 00 00 00 00 00 00  00 00 00 00 00 00 00 00  | ................
000000000000CC90 | 91 95 00 00 00 00 00 00  B7 AB 00 00 00 00 00 00  | ................
000000000000CCA0 | 00 00 00 00 00 00 00 00  AB 95 00 00 00 00 00 00  | ................
000000000000CCB0 | B7 AB 00 00 00 00 00 00  00 00 00 00 00 00 00 00  | ................
000000000000CCC0 | CD 95 00 00 00 00 00 00  F5 AB 00 00 00 00 00 00  | ................
000000000000CCD0 | 00 00 00 00 00 00 00 00  02 96 00 00 00 00 00 00  | ................
000000000000CCE0 | 06 AC 00 00 00 00 00 00  00 00 00 00 00 00 00 00  | ................
000000000000CCF0 | 2D 96 00 00 00 00 00 00  14 AC 00 00 00 00 00 00  | -...............
000000000000CD00 | 00 00 00 00 00 00 00 00  53 96 00 00 00 00 00 00  | ........S.......
000000000000CD10 | 14 AC 00 00 00 00 00 00  00 00 00 00 00 00 00 00  | ................
000000000000CD20 | 78 96 00 00 00 00 00 00  41 AC 00 00 00 00 00 00  | x.......A.......
000000000000CD30 | 00 00 00 00 00 00 00 00  A9 96 00 00 00 00 00 00  | ................
000000000000CD40 | 41 AC 00 00 00 00 00 00  00 00 00 00 00 00 00 00  | A...............
000000000000CD50 | E7 96 00 00 00 00 00 00  41 AC 00 00 00 00 00 00  | ........A.......
000000000000CD60 | 00 00 00 00 00 00 00 00  25 97 00 00 00 00 00 00  | ........%.......
000000000000CD70 | 41 AC 00 00 00 00 00 00  00 00 00 00 00 00 00 00  | A...............
000000000000CD80 | 4F 97 00 00 00 00 00 00  41 AC 00 00 00 00 00 00  | O.......A.......
000000000000CD90 | 00 00 00 00 00 00 00 00  78 97 00 00 00 00 00 00  | ........x.......
000000000000CDA0 | 4F AC 00 00 00 00 00 00  00 00 00 00 00 00 00 00  | O...............
000000000000CDB0 | C7 97 00 00 00 00 00 00  64 AC 00 00 00 00 00 00  | ........d.......
000000000000CDC0 | 00 00 00 00 00 00 00 00  28 98 00 00 00 00 00 00  | ........(.......
000000000000CDD0 | 4F AC 00 00 00 00 00 00  00 00 00 00 00 00 00 00  | O...............
000000000000CDE0 | 78 98 00 00 00 00 00 00  64 AC 00 00 00 00 00 00  | x.......d.......
000000000000CDF0 | 00 00 00 00 00 00 00 00  D8 98 00 00 00 00 00 00  | ................
000000000000CE00 | 7C AC 00 00 00 00 00 00  00 00 00 00 00 00 00 00  | |...............
000000000000CE10 | 19 99 00 00 00 00 00 00  8E AC 00 00 00 00 00 00  | ................
000000000000CE20 | 00 00 00 00 00 00 00 00  48 99 00 00 00 00 00 00  | ........H.......
000000000000CE30 | 7C AC 00 00 00 00 00 00  00 00 00 00 00 00 00 00  | |...............
000000000000CE40 | 84 99 00 00 00 00 00 00  7C AC 00 00 00 00 00 00  | ........|.......
000000000000CE50 | 00 00 00 00 00 00 00 00  C7 99 00 00 00 00 00 00  | ................
000000000000CE60 | 7C AC 00 00 00 00 00 00  00 00 00 00 00 00 00 00  | |...............
000000000000CE70 | F9 99 00 00 00 00 00 00  B7 AB 00 00 00 00 00 00  | ................
000000000000CE80 | 00 00 00 00 00 00 00 00  26 9A 00 00 00 00 00 00  | ........&.......
000000000000CE90 | 7C AC 00 00 00 00 00 00  00 00 00 00 00 00 00 00  | |...............
000000000000CEA0 | 52 9A 00 00 00 00 00 00  B7 AB 00 00 00 00 00 00  | R...............
000000000000CEB0 | 00 00 00 00 00 00 00 00  71 9A 00 00 00 00 00 00  | ........q.......
000000000000CEC0 | B7 AB 00 00 00 00 00 00  00 00 00 00 00 00 00 00  | ................
000000000000CED0 | 91 9A 00 00 00 00 00 00  B7 AB 00 00 00 00 00 00  | ................
000000000000CEE0 | 00 00 00 00 00 00 00 00  C0 9A 00 00 00 00 00 00  | ................
000000000000CEF0 | B7 AB 00 00 00 00 00 00  00 00 00 00 00 00 00 00  | ................
000000000000CF00 | EC 9A 00 00 00 00 00 00  9D AC 00 00 00 00 00 00  | ................
000000000000CF10 | 00 00 00 00 00 00 00 00  21 9B 00 00 00 00 00 00  | ........!.......
000000000000CF20 | C2 AB 00 00 00 00 00 00  00 00 00 00 00 00 00 00  | ................
000000000000CF30 | 52 9B 00 00 00 00 00 00  AB AC 00 00 00 00 00 00  | R...............
000000000000CF40 | 00 00 00 00 00 00 00 00  91 9B 00 00 00 00 00 00  | ................
000000000000CF50 | C2 AB 00 00 00 00 00 00  00 00 00 00 00 00 00 00  | ................
000000000000CF60 | B9 9B 00 00 00 00 00 00  C2 AB 00 00 00 00 00 00  | ................
000000000000CF70 | 00 00 00 00 00 00 00 00  E4 9B 00 00 00 00 00 00  | ................
000000000000CF80 | 41 AC 00 00 00 00 00 00  00 00 00 00 00 00 00 00  | A...............
000000000000CF90 | 14 9C 00 00 00 00 00 00  41 AC 00 00 00 00 00 00  | ........A.......
000000000000CFA0 | 00 00 00 00 00 00 00 00  43 9C 00 00 00 00 00 00  | ........C.......
000000000000CFB0 | C2 AB 00 00 00 00 00 00  00 00 00 00 00 00 00 00  | ................
000000000000CFC0 | 71 9C 00 00 00 00 00 00  BC AC 00 00 00 00 00 00  | q...............
000000000000CFD0 | 00 00 00 00 00 00 00 00  A6 9C 00 00 00 00 00 00  | ................
000000000000CFE0 | CE AC 00 00 00 00 00 00  00 00 00 00 00 00 00 00  | ................
000000000000CFF0 | DF 9C 00 00 00 00 00 00  41 AC 00 00 00 00 00 00  | ........A.......
000000000000D000 | 00 00 00 00 00 00 00 00  02 9D 00 00 00 00 00 00  | ................
000000000000D010 | 41 AC 00 00 00 00 00 00  00 00 00 00 00 00 00 00  | A...............
000000000000D020 | 36 9D 00 00 00 00 00 00  1D AB 00 00 00 00 00 00  | 6...............
000000000000D030 | 00 00 00 00 00 00 00 00  3D 9D 00 00 00 00 00 00  | ........=.......
000000000000D040 | B7 AB 00 00 00 00 00 00  00 00 00 00 00 00 00 00  | ................
000000000000D050 | 10 00 00 00 01 00 00 00  B3 B7 00 00 00 00 00 00  | ................
000000000000D060 | BA B7 00 00 00 00 00 00  DF AC 00 00 00 00 00 00  | ................
000000000000D070 | F9 AC 00 00 00 00 00 00  F9 AC 00 00 00 00 00 00  | ................
000000000000D080 | DF AC 00 00 00 00 00 00  DF AC 00 00 00 00 00 00  | ................
000000000000D090 | 24 AD 00 00 00 00 00 00  48 AD 00 00 00 00 00 00  | $.......H.......
000000000000D0A0 | 7C AD 00 00 00 00 00 00  DF AC 00 00 00 00 00 00  | |...............
000000000000D0B0 | DF AC 00 00 00 00 00 00  DF AC 00 00 00 00 00 00  | ................
000000000000D0C0 | B1 AD 00 00 00 00 00 00  D1 AD 00 00 00 00 00 00  | ................
000000000000D0D0 | EE AD 00 00 00 00 00 00  EE AD 00 00 00 00 00 00  | ................
000000000000D0E0 | 2A AE 00 00 00 00 00 00  63 AE 00 00 00 00 00 00  | *.......c.......
000000000000D0F0 | 88 AE 00 00 00 00 00 00  AE AE 00 00 00 00 00 00  | ................
000000000000D100 | D9 AE 00 00 00 00 00 00  0B AF 00 00 00 00 00 00  | ................
000000000000D110 | 53 AF 00 00 00 00 00 00  A5 AF 00 00 00 00 00 00  | S...............
000000000000D120 | E6 AF 00 00 00 00 00 00  3F B0 00 00 00 00 00 00  | ........?.......
000000000000D130 | 74 B0 00 00 00 00 00 00  98 B0 00 00 00 00 00 00  | t...............
000000000000D140 | DA B0 00 00 00 00 00 00  0A B1 00 00 00 00 00 00  | ................
000000000000D150 | DF AC 00 00 00 00 00 00  4D B1 00 00 00 00 00 00  | ........M.......
000000000000D160 | DF AC 00 00 00 00 00 00  DF AC 00 00 00 00 00 00  | ................
000000000000D170 | DF AC 00 00 00 00 00 00  DF AC 00 00 00 00 00 00  | ................
000000000000D180 | 90 B1 00 00 00 00 00 00  B7 B1 00 00 00 00 00 00  | ................
000000000000D190 | DE B1 00 00 00 00 00 00  22 B2 00 00 00 00 00 00  | ........".......
000000000000D1A0 | 22 B2 00 00 00 00 00 00  48 B2 00 00 00 00 00 00  | ".......H.......
000000000000D1B0 | 48 B2 00 00 00 00 00 00  B7 B1 00 00 00 00 00 00  | H...............
000000000000D1C0 | 6E B2 00 00 00 00 00 00  AE B2 00 00 00 00 00 00  | n...............
000000000000D1D0 | E1 B2 00 00 00 00 00 00  0E B3 00 00 00 00 00 00  | ................
000000000000D1E0 | 3C B3 00 00 00 00 00 00  4E B3 00 00 00 00 00 00  | <.......N.......
000000000000D1F0 | 18 00 00 00 09 00 00 00  1E 9F 00 00 00 00 00 00  | ................
000000000000D200 | 63 B3 00 00 00 00 00 00  74 5B 00 00 00 00 00 00  | c.......t[......
000000000000D210 | 3B 9F 00 00 00 00 00 00  4F AB 00 00 00 00 00 00  | ;.......O.......
000000000000D220 | C4 5B 00 00 00 00 00 00  67 9E 00 00 00 00 00 00  | .[......g.......
000000000000D230 | 1D AB 00 00 00 00 00 00  54 5C 00 00 00 00 00 00  | ........T\......
000000000000D240 | 96 9E 00 00 00 00 00 00  B7 AB 00 00 00 00 00 00  | ................
000000000000D250 | C4 5C 00 00 00 00 00 00  45 9F 00 00 00 00 00 00  | .\......E.......
000000000000D260 | 4F AB 00 00 00 00 00 00  08 5D 00 00 00 00 00 00  | O........]......
000000000000D270 | 54 9F 00 00 00 00 00 00  7D B3 00 00 00 00 00 00  | T.......}.......
000000000000D280 | 48 5D 00 00 00 00 00 00  64 9F 00 00 00 00 00 00  | H]......d.......
000000000000D290 | 85 B3 00 00 00 00 00 00  DC 5D 00 00 00 00 00 00  | .........]......
000000000000D2A0 | 84 9F 00 00 00 00 00 00  A8 B3 00 00 00 00 00 00  | ................
000000000000D2B0 | BC 5E 00 00 00 00 00 00  97 9F 00 00 00 00 00 00  | .^..............
000000000000D2C0 | BE B3 00 00 00 00 00 00  DC 5E 00 00 00 00 00 00  | .........^......
000000000000D2D0 | 01 00 00 00 28 00 00 00  28 00 00 00 00 00 00 00  | ....(...(.......
000000000000D2E0 | 00 00 00 00 00 00 00 00  B3 AA 00 00 00 00 00 00  | ................
000000000000D2F0 | F0 D1 00 00 00 00 00 00  00 00 00 00 00 00 00 00  | ................
000000000000D300 | 00 00 00 00 00 00 00 00  00 00 00 00 00 00 00 00  | ................
000000000000D310 | 00 00 00 00 00 00 00 00  00 00 00 00 08 00 00 00  | ................
000000000000D320 | 08 00 00 00 00 00 00 00  00 00 00 00 00 00 00 00  | ................
000000000000D330 | B3 AA 00 00 00 00 00 00  00 00 00 00 00 00 00 00  | ................
000000000000D340 | 00 00 00 00 00 00 00 00  00 00 00 00 00 00 00 00  | ................
000000000000D350 | 00 00 00 00 00 00 00 00  00 00 00 00 00 00 00 00  | ................
000000000000D360 | 18 00 00 00 01 00 00 00  C5 9D 00 00 00 00 00 00  | ................
000000000000D370 | 1D AB 00 00 00 00 00 00  2C 5F 00 00 00 00 00 00  | ........,_......
000000000000D380 | 01 00 00 00 28 00 00 00  28 00 00 00 00 00 00 00  | ....(...(.......
000000000000D390 | 00 00 00 00 00 00 00 00  C2 AA 00 00 00 00 00 00  | ................
000000000000D3A0 | 60 D3 00 00 00 00 00 00  00 00 00 00 00 00 00 00  | `...............
000000000000D3B0 | 00 00 00 00 00 00 00 00  00 00 00 00 00 00 00 00  | ................
000000000000D3C0 | 00 00 00 00 00 00 00 00  18 00 00 00 21 00 00 00  | ............!...
000000000000D3D0 | 3E 93 00 00 00 00 00 00  1D AB 00 00 00 00 00 00  | >...............
000000000000D3E0 | F8 5E 00 00 00 00 00 00  B5 9F 00 00 00 00 00 00  | .^..............
000000000000D3F0 | 1D AB 00 00 00 00 00 00  A8 5F 00 00 00 00 00 00  | ........._......
000000000000D400 | 4E 9D 00 00 00 00 00 00  C9 B3 00 00 00 00 00 00  | N...............
000000000000D410 | FC 5F 00 00 00 00 00 00  F7 9F 00 00 00 00 00 00  | ._..............
000000000000D420 | BE B3 00 00 00 00 00 00  30 61 00 00 00 00 00 00  | ........0a......
000000000000D430 | 67 9D 00 00 00 00 00 00  00 B4 00 00 00 00 00 00  | g...............
000000000000D440 | E4 61 00 00 00 00 00 00  C2 A3 00 00 00 00 00 00  | .a..............
000000000000D450 | 7D B3 00 00 00 00 00 00  DC 63 00 00 00 00 00 00  | }........c......
000000000000D460 | CB A3 00 00 00 00 00 00  4F AB 00 00 00 00 00 00  | ........O.......
000000000000D470 | 7C 64 00 00 00 00 00 00  E6 A0 00 00 00 00 00 00  | |d..............
000000000000D480 | 7D B3 00 00 00 00 00 00  40 65 00 00 00 00 00 00  | }.......@e......
000000000000D490 | DE A3 00 00 00 00 00 00  1F B4 00 00 00 00 00 00  | ................
000000000000D4A0 | 6C 65 00 00 00 00 00 00  F8 A3 00 00 00 00 00 00  | le..............
000000000000D4B0 | BE B3 00 00 00 00 00 00  D0 67 00 00 00 00 00 00  | .........g......
000000000000D4C0 | 2C A0 00 00 00 00 00 00  B7 AB 00 00 00 00 00 00  | ,...............
000000000000D4D0 | 0C 68 00 00 00 00 00 00  7B A0 00 00 00 00 00 00  | .h......{.......
000000000000D4E0 | B7 AB 00 00 00 00 00 00  18 68 00 00 00 00 00 00  | .........h......
000000000000D4F0 | 99 A0 00 00 00 00 00 00  B7 AB 00 00 00 00 00 00  | ................
000000000000D500 | 50 68 00 00 00 00 00 00  0A A4 00 00 00 00 00 00  | Ph..............
000000000000D510 | 7D B3 00 00 00 00 00 00  64 68 00 00 00 00 00 00  | }.......dh......
000000000000D520 | 8E A0 00 00 00 00 00 00  7D B3 00 00 00 00 00 00  | ........}.......
000000000000D530 | C0 69 00 00 00 00 00 00  32 A3 00 00 00 00 00 00  | .i......2.......
000000000000D540 | 4F AB 00 00 00 00 00 00  1C 6A 00 00 00 00 00 00  | O........j......
000000000000D550 | 18 A4 00 00 00 00 00 00  2E B4 00 00 00 00 00 00  | ................
000000000000D560 | 54 6A 00 00 00 00 00 00  F8 A0 00 00 00 00 00 00  | Tj..............
000000000000D570 | 4F AB 00 00 00 00 00 00  64 6B 00 00 00 00 00 00  | O.......dk......
000000000000D580 | 40 A2 00 00 00 00 00 00  2E B4 00 00 00 00 00 00  | @...............
000000000000D590 | 9C 6B 00 00 00 00 00 00  C6 9F 00 00 00 00 00 00  | .k..............
000000000000D5A0 | 4F AB 00 00 00 00 00 00  AC 6C 00 00 00 00 00 00  | O........l......
000000000000D5B0 | 4F A2 00 00 00 00 00 00  2E B4 00 00 00 00 00 00  | O...............
000000000000D5C0 | E4 6C 00 00 00 00 00 00  DD 9F 00 00 00 00 00 00  | .l..............
000000000000D5D0 | 1D AB 00 00 00 00 00 00  F4 6D 00 00 00 00 00 00  | .........m......
000000000000D5E0 | 23 A4 00 00 00 00 00 00  B7 AB 00 00 00 00 00 00  | #...............
000000000000D5F0 | 20 6E 00 00 00 00 00 00  47 A4 00 00 00 00 00 00  |  n......G.......
000000000000D600 | 39 B4 00 00 00 00 00 00  BC 6F 00 00 00 00 00 00  | 9........o......
000000000000D610 | 67 A4 00 00 00 00 00 00  41 AC 00 00 00 00 00 00  | g.......A.......
000000000000D620 | CC 71 00 00 00 00 00 00  79 A4 00 00 00 00 00 00  | .q......y.......
000000000000D630 | B7 AB 00 00 00 00 00 00  88 73 00 00 00 00 00 00  | .........s......
000000000000D640 | 9F A4 00 00 00 00 00 00  7D B3 00 00 00 00 00 00  | ........}.......
000000000000D650 | 0C 75 00 00 00 00 00 00  9F A3 00 00 00 00 00 00  | .u..............
000000000000D660 | 7D B3 00 00 00 00 00 00  BC 75 00 00 00 00 00 00  | }........u......
000000000000D670 | AF A3 00 00 00 00 00 00  7D B3 00 00 00 00 00 00  | ........}.......
000000000000D680 | C8 77 00 00 00 00 00 00  6A A2 00 00 00 00 00 00  | .w......j.......
000000000000D690 | 1D AB 00 00 00 00 00 00  74 78 00 00 00 00 00 00  | ........tx......
000000000000D6A0 | 30 A2 00 00 00 00 00 00  B7 AB 00 00 00 00 00 00  | 0...............
000000000000D6B0 | 84 78 00 00 00 00 00 00  B3 A4 00 00 00 00 00 00  | .x..............
000000000000D6C0 | 4F AB 00 00 00 00 00 00  A0 78 00 00 00 00 00 00  | O........x......
000000000000D6D0 | C3 A4 00 00 00 00 00 00  2E B4 00 00 00 00 00 00  | ................
000000000000D6E0 | B0 78 00 00 00 00 00 00  20 00 00 00 02 00 00 00  | .x...... .......
000000000000D6F0 | 98 E5 00 00 00 00 00 00  D7 A4 00 00 00 00 00 00  | ................
000000000000D700 | 61 B4 00 00 00 00 00 00  00 00 00 00 01 00 00 00  | a...............
000000000000D710 | 9C E5 00 00 00 00 00 00  E8 A4 00 00 00 00 00 00  | ................
000000000000D720 | 63 B4 00 00 00 00 00 00  03 00 00 00 08 00 00 00  | c...............
000000000000D730 | 10 00 00 00 05 00 00 00  DC B9 00 00 00 00 00 00  | ................
000000000000D740 | E8 B9 00 00 00 00 00 00  12 BA 00 00 00 00 00 00  | ................
000000000000D750 | 22 BA 00 00 00 00 00 00  39 BA 00 00 00 00 00 00  | ".......9.......
000000000000D760 | 40 BA 00 00 00 00 00 00  45 BA 00 00 00 00 00 00  | @.......E.......
000000000000D770 | 40 BA 00 00 00 00 00 00  50 BA 00 00 00 00 00 00  | @.......P.......
000000000000D780 | 40 BA 00 00 00 00 00 00  00 00 00 00 08 00 00 00  | @...............
000000000000D790 | 18 00 00 00 00 00 00 00  00 00 00 00 00 00 00 00  | ................
000000000000D7A0 | C2 AA 00 00 00 00 00 00  C8 D3 00 00 00 00 00 00  | ................
000000000000D7B0 | 00 00 00 00 00 00 00 00  E8 D6 00 00 00 00 00 00  | ................
000000000000D7C0 | 00 00 00 00 00 00 00 00  30 D7 00 00 00 00 00 00  | ........0.......
000000000000D7D0 | 18 00 00 00 01 00 00 00  C5 9D 00 00 00 00 00 00  | ................
000000000000D7E0 | 1D AB 00 00 00 00 00 00  C0 78 00 00 00 00 00 00  | .........x......
000000000000D7F0 | 01 00 00 00 28 00 00 00  28 00 00 00 00 00 00 00  | ....(...(.......
000000000000D800 | 00 00 00 00 00 00 00 00  CF AA 00 00 00 00 00 00  | ................
000000000000D810 | D0 D7 00 00 00 00 00 00  00 00 00 00 00 00 00 00  | ................
000000000000D820 | 00 00 00 00 00 00 00 00  00 00 00 00 00 00 00 00  | ................
000000000000D830 | 00 00 00 00 00 00 00 00  18 00 00 00 0C 00 00 00  | ................
000000000000D840 | 2C A5 00 00 00 00 00 00  4F AB 00 00 00 00 00 00  | ,.......O.......
000000000000D850 | 3C 79 00 00 00 00 00 00  3E 93 00 00 00 00 00 00  | <y......>.......
000000000000D860 | 1D AB 00 00 00 00 00 00  E4 79 00 00 00 00 00 00  | .........y......
000000000000D870 | D5 9D 00 00 00 00 00 00  7D B3 00 00 00 00 00 00  | ........}.......
000000000000D880 | 7C 7A 00 00 00 00 00 00  E6 A0 00 00 00 00 00 00  | |z..............
000000000000D890 | 7D B3 00 00 00 00 00 00  1C 7C 00 00 00 00 00 00  | }........|......
000000000000D8A0 | E3 9D 00 00 00 00 00 00  7D B3 00 00 00 00 00 00  | ........}.......
000000000000D8B0 | 44 7C 00 00 00 00 00 00  86 A5 00 00 00 00 00 00  | D|..............
000000000000D8C0 | 7A B4 00 00 00 00 00 00  18 7D 00 00 00 00 00 00  | z........}......
000000000000D8D0 | B8 A2 00 00 00 00 00 00  B7 AB 00 00 00 00 00 00  | ................
000000000000D8E0 | 34 7E 00 00 00 00 00 00  A7 A6 00 00 00 00 00 00  | 4~..............
000000000000D8F0 | BE B3 00 00 00 00 00 00  C0 7E 00 00 00 00 00 00  | .........~......
000000000000D900 | B0 A6 00 00 00 00 00 00  1D AB 00 00 00 00 00 00  | ................
000000000000D910 | E0 7F 00 00 00 00 00 00  B5 A6 00 00 00 00 00 00  | ................
000000000000D920 | B7 AB 00 00 00 00 00 00  F0 7F 00 00 00 00 00 00  | ................
000000000000D930 | 5B A5 00 00 00 00 00 00  4F AB 00 00 00 00 00 00  | [.......O.......
000000000000D940 | 0C 80 00 00 00 00 00 00  38 A5 00 00 00 00 00 00  | ........8.......
000000000000D950 | 2E B4 00 00 00 00 00 00  1C 80 00 00 00 00 00 00  | ................
000000000000D960 | 20 00 00 00 02 00 00 00  A4 E5 00 00 00 00 00 00  |  ...............
000000000000D970 | BE A6 00 00 00 00 00 00  61 B4 00 00 00 00 00 00  | ........a.......
000000000000D980 | 00 00 00 00 01 00 00 00  A0 E5 00 00 00 00 00 00  | ................
000000000000D990 | D1 A6 00 00 00 00 00 00  88 B4 00 00 00 00 00 00  | ................
000000000000D9A0 | 03 00 00 00 08 00 00 00  10 00 00 00 02 00 00 00  | ................
000000000000D9B0 | 57 BB 00 00 00 00 00 00  69 BB 00 00 00 00 00 00  | W.......i.......
000000000000D9C0 | 82 BB 00 00 00 00 00 00  87 BB 00 00 00 00 00 00  | ................
000000000000D9D0 | 00 00 00 00 08 00 00 00  18 00 00 00 00 00 00 00  | ................
000000000000D9E0 | 00 00 00 00 00 00 00 00  CF AA 00 00 00 00 00 00  | ................
000000000000D9F0 | 38 D8 00 00 00 00 00 00  00 00 00 00 00 00 00 00  | 8...............
000000000000DA00 | 60 D9 00 00 00 00 00 00  00 00 00 00 00 00 00 00  | `...............
000000000000DA10 | A8 D9 00 00 00 00 00 00  18 00 00 00 02 00 00 00  | ................
000000000000DA20 | E0 A6 00 00 00 00 00 00  1D AB 00 00 00 00 00 00  | ................
000000000000DA30 | 78 81 00 00 00 00 00 00  21 A7 00 00 00 00 00 00  | x.......!.......
000000000000DA40 | 98 B4 00 00 00 00 00 00  E8 81 00 00 00 00 00 00  | ................
000000000000DA50 | 18 00 00 00 01 00 00 00  55 A7 00 00 00 00 00 00  | ........U.......
000000000000DA60 | 7D B3 00 00 00 00 00 00  88 80 00 00 00 00 00 00  | }...............
000000000000DA70 | DD AA 00 00 00 00 00 00  68 EA 00 00 00 00 00 00  | ........h.......
000000000000DA80 | 18 DA 00 00 00 00 00 00  50 DA 00 00 00 00 00 00  | ........P.......
000000000000DA90 | 00 00 00 00 00 00 00 00  00 00 00 00 00 00 00 00  | ................
000000000000DAA0 | 00 00 00 00 00 00 00 00  40 00 00 00 00 00 00 00  | ........@.......
000000000000DAB0 | 18 00 00 00 13 00 00 00  43 93 00 00 00 00 00 00  | ........C.......
000000000000DAC0 | 0A AB 00 00 00 00 00 00  00 00 00 00 00 00 00 00  | ................
000000000000DAD0 | 4C 93 00 00 00 00 00 00  15 AB 00 00 00 00 00 00  | L...............
000000000000DAE0 | 00 00 00 00 00 00 00 00  52 93 00 00 00 00 00 00  | ........R.......
000000000000DAF0 | 1D AB 00 00 00 00 00 00  00 00 00 00 00 00 00 00  | ................
000000000000DB00 | 57 93 00 00 00 00 00 00  25 AB 00 00 00 00 00 00  | W.......%.......
000000000000DB10 | 00 00 00 00 00 00 00 00  68 93 00 00 00 00 00 00  | ........h.......
000000000000DB20 | 30 AB 00 00 00 00 00 00  00 00 00 00 00 00 00 00  | 0...............
000000000000DB30 | 84 93 00 00 00 00 00 00  3E AB 00 00 00 00 00 00  | ........>.......
000000000000DB40 | 00 00 00 00 00 00 00 00  AB 93 00 00 00 00 00 00  | ................
000000000000DB50 | 4F AB 00 00 00 00 00 00  00 00 00 00 00 00 00 00  | O...............
000000000000DB60 | B3 93 00 00 00 00 00 00  57 AB 00 00 00 00 00 00  | ........W.......
000000000000DB70 | 00 00 00 00 00 00 00 00  C2 93 00 00 00 00 00 00  | ................
000000000000DB80 | 57 AB 00 00 00 00 00 00  00 00 00 00 00 00 00 00  | W...............
000000000000DB90 | D3 93 00 00 00 00 00 00  0A AB 00 00 00 00 00 00  | ................
000000000000DBA0 | 00 00 00 00 00 00 00 00  E7 93 00 00 00 00 00 00  | ................
000000000000DBB0 | 62 AB 00 00 00 00 00 00  00 00 00 00 00 00 00 00  | b...............
000000000000DBC0 | FB 93 00 00 00 00 00 00  1D AB 00 00 00 00 00 00  | ................
000000000000DBD0 | 00 00 00 00 00 00 00 00  02 94 00 00 00 00 00 00  | ................
000000000000DBE0 | 6D AB 00 00 00 00 00 00  00 00 00 00 00 00 00 00  | m...............
000000000000DBF0 | 0A 94 00 00 00 00 00 00  1D AB 00 00 00 00 00 00  | ................
000000000000DC00 | 00 00 00 00 00 00 00 00  16 94 00 00 00 00 00 00  | ................
000000000000DC10 | 76 AB 00 00 00 00 00 00  00 00 00 00 00 00 00 00  | v...............
000000000000DC20 | 22 94 00 00 00 00 00 00  7E AB 00 00 00 00 00 00  | ".......~.......
000000000000DC30 | 00 00 00 00 00 00 00 00  27 94 00 00 00 00 00 00  | ........'.......
000000000000DC40 | 76 AB 00 00 00 00 00 00  00 00 00 00 00 00 00 00  | v...............
000000000000DC50 | 2C 94 00 00 00 00 00 00  15 AB 00 00 00 00 00 00  | ,...............
000000000000DC60 | 00 00 00 00 00 00 00 00  37 94 00 00 00 00 00 00  | ........7.......
000000000000DC70 | 1D AB 00 00 00 00 00 00  00 00 00 00 00 00 00 00  | ................
000000000000DC80 | 18 00 00 00 01 00 00 00  43 94 00 00 00 00 00 00  | ........C.......
000000000000DC90 | 1D AB 00 00 00 00 00 00  00 00 00 00 00 00 00 00  | ................
000000000000DCA0 | 10 00 00 00 04 00 00 00  6B B7 00 00 00 00 00 00  | ........k.......
000000000000DCB0 | 70 B7 00 00 00 00 00 00  75 B7 00 00 00 00 00 00  | p.......u.......
000000000000DCC0 | 80 B7 00 00 00 00 00 00  85 B7 00 00 00 00 00 00  | ................
000000000000DCD0 | 91 B7 00 00 00 00 00 00  A2 B7 00 00 00 00 00 00  | ................
000000000000DCE0 | 91 B7 00 00 00 00 00 00  0A AB 00 00 00 00 00 00  | ................
000000000000DCF0 | 15 AB 00 00 00 00 00 00  1D AB 00 00 00 00 00 00  | ................
000000000000DD00 | 25 AB 00 00 00 00 00 00  30 AB 00 00 00 00 00 00  | %.......0.......
000000000000DD10 | 3E AB 00 00 00 00 00 00  4F AB 00 00 00 00 00 00  | >.......O.......
000000000000DD20 | 57 AB 00 00 00 00 00 00  57 AB 00 00 00 00 00 00  | W.......W.......
000000000000DD30 | 90 AB 00 00 00 00 00 00  62 AB 00 00 00 00 00 00  | ........b.......
000000000000DD40 | 1D AB 00 00 00 00 00 00  6D AB 00 00 00 00 00 00  | ........m.......
000000000000DD50 | 1D AB 00 00 00 00 00 00  76 AB 00 00 00 00 00 00  | ........v.......
000000000000DD60 | 7E AB 00 00 00 00 00 00  76 AB 00 00 00 00 00 00  | ~.......v.......
000000000000DD70 | 15 AB 00 00 00 00 00 00  A5 AB 00 00 00 00 00 00  | ................
000000000000DD80 | A5 AB 00 00 00 00 00 00  01 00 00 00 00 00 00 00  | ................
000000000000DD90 | E8 E6 00 00 00 00 00 00  00 00 00 00 00 00 00 00  | ................
000000000000DDA0 | 18 00 00 00 11 00 00 00  93 A7 00 00 00 00 00 00  | ................
000000000000DDB0 | CE AC 00 00 00 00 00 00  00 00 00 00 00 00 00 00  | ................
000000000000DDC0 | 6F A7 00 00 00 00 00 00  41 AC 00 00 00 00 00 00  | o.......A.......
000000000000DDD0 | 00 00 00 00 00 00 00 00  03 A8 00 00 00 00 00 00  | ................
000000000000DDE0 | 41 AC 00 00 00 00 00 00  00 00 00 00 00 00 00 00  | A...............
000000000000DDF0 | 25 A8 00 00 00 00 00 00  0A AB 00 00 00 00 00 00  | %...............
000000000000DE00 | 00 00 00 00 00 00 00 00  55 A8 00 00 00 00 00 00  | ........U.......
000000000000DE10 | A9 B4 00 00 00 00 00 00  00 00 00 00 00 00 00 00  | ................
000000000000DE20 | 82 A8 00 00 00 00 00 00  CE AC 00 00 00 00 00 00  | ................
000000000000DE30 | 00 00 00 00 00 00 00 00  AC A8 00 00 00 00 00 00  | ................
000000000000DE40 | CE AC 00 00 00 00 00 00  00 00 00 00 00 00 00 00  | ................
000000000000DE50 | E6 A8 00 00 00 00 00 00  41 AC 00 00 00 00 00 00  | ........A.......
000000000000DE60 | 00 00 00 00 00 00 00 00  06 A9 00 00 00 00 00 00  | ................
000000000000DE70 | 41 AC 00 00 00 00 00 00  00 00 00 00 00 00 00 00  | A...............
000000000000DE80 | 25 A9 00 00 00 00 00 00  41 AC 00 00 00 00 00 00  | %.......A.......
000000000000DE90 | 00 00 00 00 00 00 00 00  47 A9 00 00 00 00 00 00  | ........G.......
000000000000DEA0 | CE AC 00 00 00 00 00 00  00 00 00 00 00 00 00 00  | ................
000000000000DEB0 | 7D A9 00 00 00 00 00 00  BA B4 00 00 00 00 00 00  | }...............
000000000000DEC0 | 00 00 00 00 00 00 00 00  AB A9 00 00 00 00 00 00  | ................
000000000000DED0 | 41 AC 00 00 00 00 00 00  00 00 00 00 00 00 00 00  | A...............
000000000000DEE0 | D8 A9 00 00 00 00 00 00  B7 AB 00 00 00 00 00 00  | ................
000000000000DEF0 | 00 00 00 00 00 00 00 00  00 AA 00 00 00 00 00 00  | ................
000000000000DF00 | B7 AB 00 00 00 00 00 00  00 00 00 00 00 00 00 00  | ................
000000000000DF10 | 29 AA 00 00 00 00 00 00  41 AC 00 00 00 00 00 00  | ).......A.......
000000000000DF20 | 00 00 00 00 00 00 00 00  5C AA 00 00 00 00 00 00  | ........\.......
000000000000DF30 | 41 AC 00 00 00 00 00 00  00 00 00 00 00 00 00 00  | A...............
000000000000DF40 | C8 B4 00 00 00 00 00 00  04 B5 00 00 00 00 00 00  | ................
000000000000DF50 | 2E B5 00 00 00 00 00 00  5A B5 00 00 00 00 00 00  | ........Z.......
000000000000DF60 | 78 B5 00 00 00 00 00 00  A6 B5 00 00 00 00 00 00  | x...............
000000000000DF70 | E3 B5 00 00 00 00 00 00  20 B6 00 00 00 00 00 00  | ........ .......
000000000000DF80 | 20 B6 00 00 00 00 00 00  4B B6 00 00 00 00 00 00  |  .......K.......
000000000000DF90 | 75 B6 00 00 00 00 00 00  AC B6 00 00 00 00 00 00  | u...............
000000000000DFA0 | 20 B6 00 00 00 00 00 00  CD B6 00 00 00 00 00 00  |  ...............
000000000000DFB0 | CD B6 00 00 00 00 00 00  4B B6 00 00 00 00 00 00  | ........K.......
000000000000DFC0 | EB B6 00 00 00 00 00 00  18 00 00 00 05 00 00 00  | ................
000000000000DFD0 | 4E 9D 00 00 00 00 00 00  15 B7 00 00 00 00 00 00  | N...............
000000000000DFE0 | D8 89 00 00 00 00 00 00  67 9D 00 00 00 00 00 00  | ........g.......
000000000000DFF0 | 4C B7 00 00 00 00 00 00  84 8A 00 00 00 00 00 00  | L...............
000000000000E000 | B5 9D 00 00 00 00 00 00  4F AB 00 00 00 00 00 00  | ........O.......
000000000000E010 | 70 8B 00 00 00 00 00 00  88 AA 00 00 00 00 00 00  | p...............
000000000000E020 | 4F AB 00 00 00 00 00 00  64 8C 00 00 00 00 00 00  | O.......d.......
000000000000E030 | F2 A7 00 00 00 00 00 00  4F AB 00 00 00 00 00 00  | ........O.......
000000000000E040 | 70 8C 00 00 00 00 00 00  01 00 00 00 28 00 00 00  | p...........(...
000000000000E050 | 28 00 00 00 00 00 00 00  00 00 00 00 00 00 00 00  | (...............
000000000000E060 | 02 AB 00 00 00 00 00 00  C8 DF 00 00 00 00 00 00  | ................
000000000000E070 | 00 00 00 00 00 00 00 00  00 00 00 00 00 00 00 00  | ................
000000000000E080 | 00 00 00 00 00 00 00 00  00 00 00 00 00 00 00 00  | ................
000000000000E090 | 00 00 00 00 08 00 00 00  08 00 00 00 00 00 00 00  | ................
000000000000E0A0 | 00 00 00 00 00 00 00 00  02 AB 00 00 00 00 00 00  | ................
000000000000E0B0 | 00 00 00 00 00 00 00 00  00 00 00 00 00 00 00 00  | ................
000000000000E0C0 | 00 00 00 00 00 00 00 00  00 00 00 00 00 00 00 00  | ................
000000000000E0D0 | 00 00 00 00 00 00 00 00                           | ........
