# Memory dump: 0xe0d8 - 0xe4c8
# Segment: __objc_selrefs
#============================================================================

# Address        | Hex Bytes                                       | ASCII
#----------------------------------------------------------------------------
000000000000E0D8 | 38 93 00 00 00 00 00 00  3E 93 00 00 00 00 00 00  | 8.......>.......
000000000000E0E8 | 9F 94 00 00 00 00 00 00  48 9D 00 00 00 00 00 00  | ........H.......
000000000000E0F8 | 4E 9D 00 00 00 00 00 00  67 9D 00 00 00 00 00 00  | N.......g.......
000000000000E108 | 54 94 00 00 00 00 00 00  A3 9D 00 00 00 00 00 00  | T...............
000000000000E118 | B5 9D 00 00 00 00 00 00  C5 9D 00 00 00 00 00 00  | ................
000000000000E128 | D5 9D 00 00 00 00 00 00  E3 9D 00 00 00 00 00 00  | ................
000000000000E138 | F3 9D 00 00 00 00 00 00  08 9E 00 00 00 00 00 00  | ................
000000000000E148 | 16 9E 00 00 00 00 00 00  25 9E 00 00 00 00 00 00  | ........%.......
000000000000E158 | 30 9E 00 00 00 00 00 00  3B 9E 00 00 00 00 00 00  | 0.......;.......
000000000000E168 | FB 93 00 00 00 00 00 00  55 9E 00 00 00 00 00 00  | ........U.......
000000000000E178 | 67 9E 00 00 00 00 00 00  71 9E 00 00 00 00 00 00  | g.......q.......
000000000000E188 | 81 9E 00 00 00 00 00 00  96 9E 00 00 00 00 00 00  | ................
000000000000E198 | A5 9E 00 00 00 00 00 00  B1 9E 00 00 00 00 00 00  | ................
000000000000E1A8 | DF 9E 00 00 00 00 00 00  AA 9F 00 00 00 00 00 00  | ................
000000000000E1B8 | B5 9F 00 00 00 00 00 00  C6 9F 00 00 00 00 00 00  | ................
000000000000E1C8 | DD 9F 00 00 00 00 00 00  F7 9F 00 00 00 00 00 00  | ................
000000000000E1D8 | FB 9F 00 00 00 00 00 00  06 A0 00 00 00 00 00 00  | ................
000000000000E1E8 | 0D A0 00 00 00 00 00 00  1E A0 00 00 00 00 00 00  | ................
000000000000E1F8 | 2C A0 00 00 00 00 00 00  59 A0 00 00 00 00 00 00  | ,.......Y.......
000000000000E208 | 7B A0 00 00 00 00 00 00  8E A0 00 00 00 00 00 00  | {...............
000000000000E218 | 99 A0 00 00 00 00 00 00  AD A0 00 00 00 00 00 00  | ................
000000000000E228 | CA A0 00 00 00 00 00 00  E6 A0 00 00 00 00 00 00  | ................
000000000000E238 | F8 A0 00 00 00 00 00 00  03 A1 00 00 00 00 00 00  | ................
000000000000E248 | 5B A1 00 00 00 00 00 00  77 A1 00 00 00 00 00 00  | [.......w.......
000000000000E258 | 83 A1 00 00 00 00 00 00  8C A1 00 00 00 00 00 00  | ................
000000000000E268 | 9F A1 00 00 00 00 00 00  B0 A1 00 00 00 00 00 00  | ................
000000000000E278 | B7 A1 00 00 00 00 00 00  BD A1 00 00 00 00 00 00  | ................
000000000000E288 | 0A 94 00 00 00 00 00 00  C7 A1 00 00 00 00 00 00  | ................
000000000000E298 | 12 A2 00 00 00 00 00 00  30 A2 00 00 00 00 00 00  | ........0.......
000000000000E2A8 | 40 A2 00 00 00 00 00 00  4F A2 00 00 00 00 00 00  | @.......O.......
000000000000E2B8 | 6A A2 00 00 00 00 00 00  76 A2 00 00 00 00 00 00  | j.......v.......
000000000000E2C8 | 80 A2 00 00 00 00 00 00  91 A2 00 00 00 00 00 00  | ................
000000000000E2D8 | 9F A2 00 00 00 00 00 00  AD A2 00 00 00 00 00 00  | ................
000000000000E2E8 | B8 A2 00 00 00 00 00 00  C4 A2 00 00 00 00 00 00  | ................
000000000000E2F8 | DC A2 00 00 00 00 00 00  F0 A2 00 00 00 00 00 00  | ................
000000000000E308 | F6 A2 00 00 00 00 00 00  08 A3 00 00 00 00 00 00  | ................
000000000000E318 | 1A A3 00 00 00 00 00 00  29 A3 00 00 00 00 00 00  | ........).......
000000000000E328 | 32 A3 00 00 00 00 00 00  39 A3 00 00 00 00 00 00  | 2.......9.......
000000000000E338 | 46 A3 00 00 00 00 00 00  4C A3 00 00 00 00 00 00  | F.......L.......
000000000000E348 | 57 A3 00 00 00 00 00 00  63 A3 00 00 00 00 00 00  | W.......c.......
000000000000E358 | 78 A3 00 00 00 00 00 00  81 A3 00 00 00 00 00 00  | x...............
000000000000E368 | B3 93 00 00 00 00 00 00  96 A3 00 00 00 00 00 00  | ................
000000000000E378 | 68 93 00 00 00 00 00 00  9F A3 00 00 00 00 00 00  | h...............
000000000000E388 | AF A3 00 00 00 00 00 00  F5 A4 00 00 00 00 00 00  | ................
000000000000E398 | 04 A5 00 00 00 00 00 00  1A A5 00 00 00 00 00 00  | ................
000000000000E3A8 | 2C A5 00 00 00 00 00 00  38 A5 00 00 00 00 00 00  | ,.......8.......
000000000000E3B8 | 4E A5 00 00 00 00 00 00  5B A5 00 00 00 00 00 00  | N.......[.......
000000000000E3C8 | 6D A5 00 00 00 00 00 00  86 A5 00 00 00 00 00 00  | m...............
000000000000E3D8 | A7 A5 00 00 00 00 00 00  CF A5 00 00 00 00 00 00  | ................
000000000000E3E8 | E8 A5 00 00 00 00 00 00  F3 A5 00 00 00 00 00 00  | ................
000000000000E3F8 | F9 A5 00 00 00 00 00 00  30 A6 00 00 00 00 00 00  | ........0.......
000000000000E408 | 4A A6 00 00 00 00 00 00  6F A6 00 00 00 00 00 00  | J.......o.......
000000000000E418 | 98 A6 00 00 00 00 00 00  84 9F 00 00 00 00 00 00  | ................
000000000000E428 | B5 A6 00 00 00 00 00 00  B0 A6 00 00 00 00 00 00  | ................
000000000000E438 | 97 9F 00 00 00 00 00 00  4C 93 00 00 00 00 00 00  | ........L.......
000000000000E448 | D7 A6 00 00 00 00 00 00  E0 A6 00 00 00 00 00 00  | ................
000000000000E458 | DE A3 00 00 00 00 00 00  F6 A6 00 00 00 00 00 00  | ................
000000000000E468 | 21 A7 00 00 00 00 00 00  5A A7 00 00 00 00 00 00  | !.......Z.......
000000000000E478 | 67 A7 00 00 00 00 00 00  6F A7 00 00 00 00 00 00  | g.......o.......
000000000000E488 | E7 93 00 00 00 00 00 00  93 A7 00 00 00 00 00 00  | ................
000000000000E498 | C5 A7 00 00 00 00 00 00  D8 A7 00 00 00 00 00 00  | ................
000000000000E4A8 | C2 A3 00 00 00 00 00 00  F2 A7 00 00 00 00 00 00  | ................
000000000000E4B8 | 02 94 00 00 00 00 00 00  76 AA 00 00 00 00 00 00  | ........v.......
