# Memory dump: 0xbc1c - 0xbe58
# Segment: __gcc_except_tab
#============================================================================

# Address        | Hex Bytes                                       | ASCII
#----------------------------------------------------------------------------
000000000000BC1C | FF 9B 29 03 27 00 00 00  00 34 00 00 00 00 00 00  | ..).'....4......
000000000000BC2C | 00 00 34 00 00 00 14 00  00 00 68 00 00 00 00 48  | ..4.......h....H
000000000000BC3C | 00 00 00 34 00 00 00 00  00 00 00 00 FF 9B F2 80  | ...4............
000000000000BC4C | 80 00 03 68 00 00 00 00  30 00 00 00 00 00 00 00  | ...h....0.......
000000000000BC5C | 00 30 00 00 00 0C 00 00  00 18 01 00 00 03 44 00  | .0............D.
000000000000BC6C | 00 00 1C 00 00 00 1C 01  00 00 03 6C 00 00 00 0C  | ...........l....
000000000000BC7C | 00 00 00 10 01 00 00 03  7C 00 00 00 30 00 00 00  | ........|...0...
000000000000BC8C | 14 01 00 00 03 AC 00 00  00 20 00 00 00 00 00 00  | ......... ......
000000000000BC9C | 00 00 CC 00 00 00 20 00  00 00 14 01 00 00 03 EC  | ...... .........
000000000000BCAC | 00 00 00 48 00 00 00 00  00 00 00 00 00 00 01 7D  | ...H...........}
000000000000BCBC | 44 03 00 00 FF 9B F2 80  80 00 03 68 64 00 00 00  | D..........hd...
000000000000BCCC | 0C 00 00 00 A8 01 00 00  03 78 00 00 00 1C 00 00  | .........x......
000000000000BCDC | 00 AC 01 00 00 03 A0 00  00 00 0C 00 00 00 A0 01  | ................
000000000000BCEC | 00 00 03 B0 00 00 00 30  00 00 00 A4 01 00 00 03  | .......0........
000000000000BCFC | E8 00 00 00 0C 00 00 00  9C 01 00 00 03 F4 00 00  | ................
000000000000BD0C | 00 40 00 00 00 00 00 00  00 00 34 01 00 00 1C 00  | .@........4.....
000000000000BD1C | 00 00 9C 01 00 00 03 50  01 00 00 A8 00 00 00 00  | .......P........
000000000000BD2C | 00 00 00 00 00 00 01 7D  CC 02 00 00 FF 9B E7 80  | .......}........
000000000000BD3C | 00 03 5B 28 00 00 00 04  00 00 00 D0 01 00 00 05  | ..[(............
000000000000BD4C | 40 00 00 00 20 00 00 00  CC 01 00 00 03 70 00 00  | @... ........p..
000000000000BD5C | 00 1C 00 00 00 C8 01 00  00 03 DC 00 00 00 0C 00  | ................
000000000000BD6C | 00 00 D4 01 00 00 03 EC  00 00 00 58 00 00 00 DC  | ...........X....
000000000000BD7C | 01 00 00 03 48 01 00 00  5C 00 00 00 D8 01 00 00  | ....H...\.......
000000000000BD8C | 03 A4 01 00 00 68 00 00  00 00 00 00 00 00 00 00  | .....h..........
000000000000BD9C | 01 7D 01 00 60 02 00 00  FF 9B 29 03 27 00 00 00  | .}..`.....).'...
000000000000BDAC | 00 34 00 00 00 00 00 00  00 00 34 00 00 00 14 00  | .4........4.....
000000000000BDBC | 00 00 68 00 00 00 00 48  00 00 00 34 00 00 00 00  | ..h....H...4....
000000000000BDCC | 00 00 00 00 FF 9B BE 80  80 00 03 34 00 00 00 00  | ...........4....
000000000000BDDC | FC 02 00 00 00 00 00 00  00 FC 02 00 00 20 00 00  | ............. ..
000000000000BDEC | 00 8C 03 00 00 03 2C 03  00 00 24 00 00 00 90 03  | ......,...$.....
000000000000BDFC | 00 00 03 50 03 00 00 5C  00 00 00 00 00 00 00 00  | ...P...\........
000000000000BE0C | 00 00 01 7D F0 01 00 00  FF 9B BE 80 80 00 03 34  | ...}...........4
000000000000BE1C | 00 00 00 00 00 02 00 00  00 00 00 00 00 00 02 00  | ................
000000000000BE2C | 00 24 00 00 00 90 02 00  00 03 30 02 00 00 24 00  | .$........0...$.
000000000000BE3C | 00 00 94 02 00 00 03 54  02 00 00 5C 00 00 00 00  | .......T...\....
000000000000BE4C | 00 00 00 00 00 00 01 7D  AC 01 00 00              | .......}....
