# Memory dump: 0xc2b0 - 0xc870
# Segment: __cfstring
#============================================================================

# Address        | Hex Bytes                                       | ASCII
#----------------------------------------------------------------------------
000000000000C2B0 | B8 E9 00 00 00 00 00 00  C8 07 00 00 00 00 00 00  | ................
000000000000C2C0 | D7 B7 00 00 00 00 00 00  12 00 00 00 00 00 00 00  | ................
000000000000C2D0 | B8 E9 00 00 00 00 00 00  C8 07 00 00 00 00 00 00  | ................
000000000000C2E0 | 0E B8 00 00 00 00 00 00  13 00 00 00 00 00 00 00  | ................
000000000000C2F0 | B8 E9 00 00 00 00 00 00  C8 07 00 00 00 00 00 00  | ................
000000000000C300 | 22 B8 00 00 00 00 00 00  1B 00 00 00 00 00 00 00  | "...............
000000000000C310 | B8 E9 00 00 00 00 00 00  C8 07 00 00 00 00 00 00  | ................
000000000000C320 | 3E B8 00 00 00 00 00 00  0E 00 00 00 00 00 00 00  | >...............
000000000000C330 | B8 E9 00 00 00 00 00 00  C8 07 00 00 00 00 00 00  | ................
000000000000C340 | 4D B8 00 00 00 00 00 00  07 00 00 00 00 00 00 00  | M...............
000000000000C350 | B8 E9 00 00 00 00 00 00  C8 07 00 00 00 00 00 00  | ................
000000000000C360 | 55 B8 00 00 00 00 00 00  07 00 00 00 00 00 00 00  | U...............
000000000000C370 | B8 E9 00 00 00 00 00 00  C8 07 00 00 00 00 00 00  | ................
000000000000C380 | 5D B8 00 00 00 00 00 00  0A 00 00 00 00 00 00 00  | ]...............
000000000000C390 | B8 E9 00 00 00 00 00 00  C8 07 00 00 00 00 00 00  | ................
000000000000C3A0 | 68 B8 00 00 00 00 00 00  03 00 00 00 00 00 00 00  | h...............
000000000000C3B0 | B8 E9 00 00 00 00 00 00  C8 07 00 00 00 00 00 00  | ................
000000000000C3C0 | 6C B8 00 00 00 00 00 00  02 00 00 00 00 00 00 00  | l...............
000000000000C3D0 | B8 E9 00 00 00 00 00 00  C8 07 00 00 00 00 00 00  | ................
000000000000C3E0 | 6F B8 00 00 00 00 00 00  09 00 00 00 00 00 00 00  | o...............
000000000000C3F0 | B8 E9 00 00 00 00 00 00  C8 07 00 00 00 00 00 00  | ................
000000000000C400 | 79 B8 00 00 00 00 00 00  0A 00 00 00 00 00 00 00  | y...............
000000000000C410 | B8 E9 00 00 00 00 00 00  C8 07 00 00 00 00 00 00  | ................
000000000000C420 | 84 B8 00 00 00 00 00 00  1D 00 00 00 00 00 00 00  | ................
000000000000C430 | B8 E9 00 00 00 00 00 00  C8 07 00 00 00 00 00 00  | ................
000000000000C440 | A2 B8 00 00 00 00 00 00  0A 00 00 00 00 00 00 00  | ................
000000000000C450 | B8 E9 00 00 00 00 00 00  C8 07 00 00 00 00 00 00  | ................
000000000000C460 | AD B8 00 00 00 00 00 00  15 00 00 00 00 00 00 00  | ................
000000000000C470 | B8 E9 00 00 00 00 00 00  C8 07 00 00 00 00 00 00  | ................
000000000000C480 | C3 B8 00 00 00 00 00 00  0A 00 00 00 00 00 00 00  | ................
000000000000C490 | B8 E9 00 00 00 00 00 00  C8 07 00 00 00 00 00 00  | ................
000000000000C4A0 | CE B8 00 00 00 00 00 00  09 00 00 00 00 00 00 00  | ................
000000000000C4B0 | B8 E9 00 00 00 00 00 00  C8 07 00 00 00 00 00 00  | ................
000000000000C4C0 | D8 B8 00 00 00 00 00 00  0A 00 00 00 00 00 00 00  | ................
000000000000C4D0 | B8 E9 00 00 00 00 00 00  C8 07 00 00 00 00 00 00  | ................
000000000000C4E0 | EE B8 00 00 00 00 00 00  1C 00 00 00 00 00 00 00  | ................
000000000000C4F0 | B8 E9 00 00 00 00 00 00  C8 07 00 00 00 00 00 00  | ................
000000000000C500 | 0B B9 00 00 00 00 00 00  1C 00 00 00 00 00 00 00  | ................
000000000000C510 | B8 E9 00 00 00 00 00 00  C8 07 00 00 00 00 00 00  | ................
000000000000C520 | 28 B9 00 00 00 00 00 00  02 00 00 00 00 00 00 00  | (...............
000000000000C530 | B8 E9 00 00 00 00 00 00  C8 07 00 00 00 00 00 00  | ................
000000000000C540 | 2B B9 00 00 00 00 00 00  02 00 00 00 00 00 00 00  | +...............
000000000000C550 | B8 E9 00 00 00 00 00 00  C8 07 00 00 00 00 00 00  | ................
000000000000C560 | 2E B9 00 00 00 00 00 00  3F 00 00 00 00 00 00 00  | ........?.......
000000000000C570 | B8 E9 00 00 00 00 00 00  C8 07 00 00 00 00 00 00  | ................
000000000000C580 | 74 B9 00 00 00 00 00 00  03 00 00 00 00 00 00 00  | t...............
000000000000C590 | B8 E9 00 00 00 00 00 00  C8 07 00 00 00 00 00 00  | ................
000000000000C5A0 | 78 B9 00 00 00 00 00 00  06 00 00 00 00 00 00 00  | x...............
000000000000C5B0 | B8 E9 00 00 00 00 00 00  C8 07 00 00 00 00 00 00  | ................
000000000000C5C0 | 7F B9 00 00 00 00 00 00  0E 00 00 00 00 00 00 00  | ................
000000000000C5D0 | B8 E9 00 00 00 00 00 00  C8 07 00 00 00 00 00 00  | ................
000000000000C5E0 | 8E B9 00 00 00 00 00 00  03 00 00 00 00 00 00 00  | ................
000000000000C5F0 | B8 E9 00 00 00 00 00 00  C8 07 00 00 00 00 00 00  | ................
000000000000C600 | 92 B9 00 00 00 00 00 00  11 00 00 00 00 00 00 00  | ................
000000000000C610 | B8 E9 00 00 00 00 00 00  C8 07 00 00 00 00 00 00  | ................
000000000000C620 | A4 B9 00 00 00 00 00 00  09 00 00 00 00 00 00 00  | ................
000000000000C630 | B8 E9 00 00 00 00 00 00  C8 07 00 00 00 00 00 00  | ................
000000000000C640 | AE B9 00 00 00 00 00 00  16 00 00 00 00 00 00 00  | ................
000000000000C650 | B8 E9 00 00 00 00 00 00  C8 07 00 00 00 00 00 00  | ................
000000000000C660 | C5 B9 00 00 00 00 00 00  0D 00 00 00 00 00 00 00  | ................
000000000000C670 | B8 E9 00 00 00 00 00 00  C8 07 00 00 00 00 00 00  | ................
000000000000C680 | D3 B9 00 00 00 00 00 00  02 00 00 00 00 00 00 00  | ................
000000000000C690 | B8 E9 00 00 00 00 00 00  C8 07 00 00 00 00 00 00  | ................
000000000000C6A0 | D6 B9 00 00 00 00 00 00  02 00 00 00 00 00 00 00  | ................
000000000000C6B0 | B8 E9 00 00 00 00 00 00  C8 07 00 00 00 00 00 00  | ................
000000000000C6C0 | D9 B9 00 00 00 00 00 00  02 00 00 00 00 00 00 00  | ................
000000000000C6D0 | B8 E9 00 00 00 00 00 00  C8 07 00 00 00 00 00 00  | ................
000000000000C6E0 | D0 BA 00 00 00 00 00 00  1D 00 00 00 00 00 00 00  | ................
000000000000C6F0 | B8 E9 00 00 00 00 00 00  C8 07 00 00 00 00 00 00  | ................
000000000000C700 | EE BA 00 00 00 00 00 00  1C 00 00 00 00 00 00 00  | ................
000000000000C710 | B8 E9 00 00 00 00 00 00  C8 07 00 00 00 00 00 00  | ................
000000000000C720 | 0B BB 00 00 00 00 00 00  25 00 00 00 00 00 00 00  | ........%.......
000000000000C730 | B8 E9 00 00 00 00 00 00  C8 07 00 00 00 00 00 00  | ................
000000000000C740 | 31 BB 00 00 00 00 00 00  0B 00 00 00 00 00 00 00  | 1...............
000000000000C750 | B8 E9 00 00 00 00 00 00  C8 07 00 00 00 00 00 00  | ................
000000000000C760 | 3D BB 00 00 00 00 00 00  0A 00 00 00 00 00 00 00  | =...............
000000000000C770 | B8 E9 00 00 00 00 00 00  C8 07 00 00 00 00 00 00  | ................
000000000000C780 | 48 BB 00 00 00 00 00 00  09 00 00 00 00 00 00 00  | H...............
000000000000C790 | B8 E9 00 00 00 00 00 00  C8 07 00 00 00 00 00 00  | ................
000000000000C7A0 | 52 BB 00 00 00 00 00 00  04 00 00 00 00 00 00 00  | R...............
000000000000C7B0 | B8 E9 00 00 00 00 00 00  C8 07 00 00 00 00 00 00  | ................
000000000000C7C0 | A3 BB 00 00 00 00 00 00  0E 00 00 00 00 00 00 00  | ................
000000000000C7D0 | B8 E9 00 00 00 00 00 00  C8 07 00 00 00 00 00 00  | ................
000000000000C7E0 | B2 BB 00 00 00 00 00 00  0E 00 00 00 00 00 00 00  | ................
000000000000C7F0 | B8 E9 00 00 00 00 00 00  C8 07 00 00 00 00 00 00  | ................
000000000000C800 | C1 BB 00 00 00 00 00 00  15 00 00 00 00 00 00 00  | ................
000000000000C810 | B8 E9 00 00 00 00 00 00  C8 07 00 00 00 00 00 00  | ................
000000000000C820 | D7 BB 00 00 00 00 00 00  18 00 00 00 00 00 00 00  | ................
000000000000C830 | B8 E9 00 00 00 00 00 00  C8 07 00 00 00 00 00 00  | ................
000000000000C840 | F0 BB 00 00 00 00 00 00  19 00 00 00 00 00 00 00  | ................
000000000000C850 | B8 E9 00 00 00 00 00 00  C8 07 00 00 00 00 00 00  | ................
000000000000C860 | 0A BC 00 00 00 00 00 00  10 00 00 00 00 00 00 00  | ................
