# Memory dump: 0x1c000 - 0x1c0b0
# Segment: __got
#============================================================================

# Address        | Hex Bytes                                       | ASCII
#----------------------------------------------------------------------------
000000000001C000 | 28 E1 03 00 00 00 00 00  30 E1 03 00 00 00 00 00  | (.......0.......
000000000001C010 | 40 E1 03 00 00 00 00 00  48 E1 03 00 00 00 00 00  | @.......H.......
000000000001C020 | 50 E1 03 00 00 00 00 00  E8 DD 03 00 00 00 00 00  | P...............
000000000001C030 | F0 DD 03 00 00 00 00 00  F8 DD 03 00 00 00 00 00  | ................
000000000001C040 | 00 DE 03 00 00 00 00 00  08 DE 03 00 00 00 00 00  | ................
000000000001C050 | 10 DE 03 00 00 00 00 00  18 DE 03 00 00 00 00 00  | ................
000000000001C060 | 20 DE 03 00 00 00 00 00  28 DE 03 00 00 00 00 00  |  .......(.......
000000000001C070 | 30 DE 03 00 00 00 00 00  38 DE 03 00 00 00 00 00  | 0.......8.......
000000000001C080 | 40 DE 03 00 00 00 00 00  48 DE 03 00 00 00 00 00  | @.......H.......
000000000001C090 | 28 E0 03 00 00 00 00 00  58 E1 03 00 00 00 00 00  | (.......X.......
000000000001C0A0 | 60 E1 03 00 00 00 00 00  00 00 00 00 00 00 00 00  | `...............
