# Memory dump: 0x1c0b0 - 0x1c630
# Segment: __la_symbol_ptr
#============================================================================

# Address        | Hex Bytes                                       | ASCII
#----------------------------------------------------------------------------
000000000001C0B0 | 50 DE 03 00 00 00 00 00  58 DE 03 00 00 00 00 00  | P.......X.......
000000000001C0C0 | 60 DE 03 00 00 00 00 00  68 DE 03 00 00 00 00 00  | `.......h.......
000000000001C0D0 | 70 DE 03 00 00 00 00 00  78 DE 03 00 00 00 00 00  | p.......x.......
000000000001C0E0 | 80 DE 03 00 00 00 00 00  88 DE 03 00 00 00 00 00  | ................
000000000001C0F0 | 90 DE 03 00 00 00 00 00  98 DE 03 00 00 00 00 00  | ................
000000000001C100 | A0 DE 03 00 00 00 00 00  A8 DE 03 00 00 00 00 00  | ................
000000000001C110 | B0 DE 03 00 00 00 00 00  B8 DE 03 00 00 00 00 00  | ................
000000000001C120 | C0 DE 03 00 00 00 00 00  C8 DE 03 00 00 00 00 00  | ................
000000000001C130 | D0 DE 03 00 00 00 00 00  D8 DE 03 00 00 00 00 00  | ................
000000000001C140 | E0 DE 03 00 00 00 00 00  E8 DE 03 00 00 00 00 00  | ................
000000000001C150 | F0 DE 03 00 00 00 00 00  F8 DE 03 00 00 00 00 00  | ................
000000000001C160 | 00 DF 03 00 00 00 00 00  08 DF 03 00 00 00 00 00  | ................
000000000001C170 | 10 DF 03 00 00 00 00 00  18 DF 03 00 00 00 00 00  | ................
000000000001C180 | 20 DF 03 00 00 00 00 00  28 DF 03 00 00 00 00 00  |  .......(.......
000000000001C190 | 30 DF 03 00 00 00 00 00  38 DF 03 00 00 00 00 00  | 0.......8.......
000000000001C1A0 | 40 DF 03 00 00 00 00 00  48 DF 03 00 00 00 00 00  | @.......H.......
000000000001C1B0 | 50 DF 03 00 00 00 00 00  58 DF 03 00 00 00 00 00  | P.......X.......
000000000001C1C0 | 60 DF 03 00 00 00 00 00  68 DF 03 00 00 00 00 00  | `.......h.......
000000000001C1D0 | 70 DF 03 00 00 00 00 00  78 DF 03 00 00 00 00 00  | p.......x.......
000000000001C1E0 | 80 DF 03 00 00 00 00 00  88 DF 03 00 00 00 00 00  | ................
000000000001C1F0 | 90 DF 03 00 00 00 00 00  98 DF 03 00 00 00 00 00  | ................
000000000001C200 | A0 DF 03 00 00 00 00 00  A8 DF 03 00 00 00 00 00  | ................
000000000001C210 | B0 DF 03 00 00 00 00 00  B8 DF 03 00 00 00 00 00  | ................
000000000001C220 | C0 DF 03 00 00 00 00 00  C8 DF 03 00 00 00 00 00  | ................
000000000001C230 | D0 DF 03 00 00 00 00 00  D8 DF 03 00 00 00 00 00  | ................
000000000001C240 | E0 DF 03 00 00 00 00 00  E8 DF 03 00 00 00 00 00  | ................
000000000001C250 | F0 DF 03 00 00 00 00 00  F8 DF 03 00 00 00 00 00  | ................
000000000001C260 | 00 E0 03 00 00 00 00 00  08 E0 03 00 00 00 00 00  | ................
000000000001C270 | 10 E0 03 00 00 00 00 00  18 E0 03 00 00 00 00 00  | ................
000000000001C280 | 20 E0 03 00 00 00 00 00  30 E0 03 00 00 00 00 00  |  .......0.......
000000000001C290 | 38 E0 03 00 00 00 00 00  40 E0 03 00 00 00 00 00  | 8.......@.......
000000000001C2A0 | 48 E0 03 00 00 00 00 00  50 E0 03 00 00 00 00 00  | H.......P.......
000000000001C2B0 | 58 E0 03 00 00 00 00 00  60 E0 03 00 00 00 00 00  | X.......`.......
000000000001C2C0 | 68 E0 03 00 00 00 00 00  70 E0 03 00 00 00 00 00  | h.......p.......
000000000001C2D0 | 78 E0 03 00 00 00 00 00  80 E0 03 00 00 00 00 00  | x...............
000000000001C2E0 | 88 E0 03 00 00 00 00 00  90 E0 03 00 00 00 00 00  | ................
000000000001C2F0 | 98 E0 03 00 00 00 00 00  A0 E0 03 00 00 00 00 00  | ................
000000000001C300 | A8 E0 03 00 00 00 00 00  B0 E0 03 00 00 00 00 00  | ................
000000000001C310 | B8 E0 03 00 00 00 00 00  C0 E0 03 00 00 00 00 00  | ................
000000000001C320 | C8 E0 03 00 00 00 00 00  D0 E0 03 00 00 00 00 00  | ................
000000000001C330 | D8 E0 03 00 00 00 00 00  E0 E0 03 00 00 00 00 00  | ................
000000000001C340 | E8 E0 03 00 00 00 00 00  F0 E0 03 00 00 00 00 00  | ................
000000000001C350 | F8 E0 03 00 00 00 00 00  00 E1 03 00 00 00 00 00  | ................
000000000001C360 | 08 E1 03 00 00 00 00 00  10 E1 03 00 00 00 00 00  | ................
000000000001C370 | 18 E1 03 00 00 00 00 00  20 E1 03 00 00 00 00 00  | ........ .......
000000000001C380 | 68 E1 03 00 00 00 00 00  70 E1 03 00 00 00 00 00  | h.......p.......
000000000001C390 | 78 E1 03 00 00 00 00 00  80 E1 03 00 00 00 00 00  | x...............
000000000001C3A0 | 88 E1 03 00 00 00 00 00  90 E1 03 00 00 00 00 00  | ................
000000000001C3B0 | 98 E1 03 00 00 00 00 00  A0 E1 03 00 00 00 00 00  | ................
000000000001C3C0 | A8 E1 03 00 00 00 00 00  B0 E1 03 00 00 00 00 00  | ................
000000000001C3D0 | B8 E1 03 00 00 00 00 00  C0 E1 03 00 00 00 00 00  | ................
000000000001C3E0 | C8 E1 03 00 00 00 00 00  D0 E1 03 00 00 00 00 00  | ................
000000000001C3F0 | D8 E1 03 00 00 00 00 00  E0 E1 03 00 00 00 00 00  | ................
000000000001C400 | E8 E1 03 00 00 00 00 00  F0 E1 03 00 00 00 00 00  | ................
000000000001C410 | F8 E1 03 00 00 00 00 00  00 E2 03 00 00 00 00 00  | ................
000000000001C420 | 08 E2 03 00 00 00 00 00  10 E2 03 00 00 00 00 00  | ................
000000000001C430 | 18 E2 03 00 00 00 00 00  20 E2 03 00 00 00 00 00  | ........ .......
000000000001C440 | 28 E2 03 00 00 00 00 00  30 E2 03 00 00 00 00 00  | (.......0.......
000000000001C450 | 38 E2 03 00 00 00 00 00  40 E2 03 00 00 00 00 00  | 8.......@.......
000000000001C460 | 48 E2 03 00 00 00 00 00  50 E2 03 00 00 00 00 00  | H.......P.......
000000000001C470 | 58 E2 03 00 00 00 00 00  60 E2 03 00 00 00 00 00  | X.......`.......
000000000001C480 | 68 E2 03 00 00 00 00 00  70 E2 03 00 00 00 00 00  | h.......p.......
000000000001C490 | 78 E2 03 00 00 00 00 00  80 E2 03 00 00 00 00 00  | x...............
000000000001C4A0 | 88 E2 03 00 00 00 00 00  90 E2 03 00 00 00 00 00  | ................
000000000001C4B0 | 98 E2 03 00 00 00 00 00  A0 E2 03 00 00 00 00 00  | ................
000000000001C4C0 | A8 E2 03 00 00 00 00 00  B0 E2 03 00 00 00 00 00  | ................
000000000001C4D0 | B8 E2 03 00 00 00 00 00  C0 E2 03 00 00 00 00 00  | ................
000000000001C4E0 | C8 E2 03 00 00 00 00 00  D0 E2 03 00 00 00 00 00  | ................
000000000001C4F0 | D8 E2 03 00 00 00 00 00  E0 E2 03 00 00 00 00 00  | ................
000000000001C500 | E8 E2 03 00 00 00 00 00  F0 E2 03 00 00 00 00 00  | ................
000000000001C510 | F8 E2 03 00 00 00 00 00  00 E3 03 00 00 00 00 00  | ................
000000000001C520 | 08 E3 03 00 00 00 00 00  10 E3 03 00 00 00 00 00  | ................
000000000001C530 | 18 E3 03 00 00 00 00 00  20 E3 03 00 00 00 00 00  | ........ .......
000000000001C540 | 28 E3 03 00 00 00 00 00  30 E3 03 00 00 00 00 00  | (.......0.......
000000000001C550 | 38 E3 03 00 00 00 00 00  40 E3 03 00 00 00 00 00  | 8.......@.......
000000000001C560 | 48 E3 03 00 00 00 00 00  50 E3 03 00 00 00 00 00  | H.......P.......
000000000001C570 | 58 E3 03 00 00 00 00 00  60 E3 03 00 00 00 00 00  | X.......`.......
000000000001C580 | 68 E3 03 00 00 00 00 00  70 E3 03 00 00 00 00 00  | h.......p.......
000000000001C590 | 78 E3 03 00 00 00 00 00  80 E3 03 00 00 00 00 00  | x...............
000000000001C5A0 | 88 E3 03 00 00 00 00 00  90 E3 03 00 00 00 00 00  | ................
000000000001C5B0 | 98 E3 03 00 00 00 00 00  A0 E3 03 00 00 00 00 00  | ................
000000000001C5C0 | A8 E3 03 00 00 00 00 00  B0 E3 03 00 00 00 00 00  | ................
000000000001C5D0 | B8 E3 03 00 00 00 00 00  C0 E3 03 00 00 00 00 00  | ................
000000000001C5E0 | C8 E3 03 00 00 00 00 00  D0 E3 03 00 00 00 00 00  | ................
000000000001C5F0 | D8 E3 03 00 00 00 00 00  E0 E3 03 00 00 00 00 00  | ................
000000000001C600 | E8 E3 03 00 00 00 00 00  F0 E3 03 00 00 00 00 00  | ................
000000000001C610 | F8 E3 03 00 00 00 00 00  00 E4 03 00 00 00 00 00  | ................
000000000001C620 | 08 E4 03 00 00 00 00 00  10 E4 03 00 00 00 00 00  | ................
