# Memory dump: 0x238ca1 - 0x23aeb0
# Segment: __objc_methtype
#============================================================================

# Address        | Hex Bytes                                       | ASCII
#----------------------------------------------------------------------------
0000000000238CA1 | 40 32 34 40 30 3A 38 51  31 36 00 40 34 30 40 30  | @24@0:8Q16.@40@0
0000000000238CB1 | 3A 38 40 31 36 40 32 34  5E 40 33 32 00 40 36 34  | :8@16@24^@32.@64
0000000000238CC1 | 40 30 3A 38 40 31 36 40  32 34 7B 5F 52 4E 43 72  | @0:8@16@24{_RNCr
0000000000238CD1 | 79 70 74 6F 72 4B 65 79  44 65 72 69 76 61 74 69  | yptorKeyDerivati
0000000000238CE1 | 6F 6E 53 65 74 74 69 6E  67 73 3D 51 51 49 49 49  | onSettings=QQIII
0000000000238CF1 | 42 7D 33 32 00 40 31 36  40 30 3A 38 00 40 32 34  | B}32.@16@0:8.@24
0000000000238D01 | 40 30 3A 38 40 3F 31 36  00 76 31 36 40 30 3A 38  | @0:8@?16.v16@0:8
0000000000238D11 | 00 76 32 34 40 30 3A 38  40 31 36 00 42 31 36 40  | .v24@0:8@16.B16@
0000000000238D21 | 30 3A 38 00 51 31 36 40  30 3A 38 00 76 32 34 40  | 0:8.Q16@0:8.v24@
0000000000238D31 | 30 3A 38 51 31 36 00 76  32 30 40 30 3A 38 42 31  | 0:8Q16.v20@0:8B1
0000000000238D41 | 36 00 43 31 36 40 30 3A  38 00 76 32 30 40 30 3A  | 6.C16@0:8.v20@0:
0000000000238D51 | 38 43 31 36 00 40 3F 31  36 40 30 3A 38 00 76 32  | 8C16.@?16@0:8.v2
0000000000238D61 | 34 40 30 3A 38 40 3F 31  36 00 42 00 43 00 40 22  | 4@0:8@?16.B.C.@"
0000000000238D71 | 4E 53 4F 62 6A 65 63 74  3C 4F 53 5F 64 69 73 70  | NSObject<OS_disp
0000000000238D81 | 61 74 63 68 5F 71 75 65  75 65 3E 22 00 40 22 66  | atch_queue>".@"f
0000000000238D91 | 35 31 32 41 4B 64 54 22  00 40 22 4E 53 4D 75 74  | 512AKdT".@"NSMut
0000000000238DA1 | 61 62 6C 65 44 61 74 61  22 00 51 00 40 22 4E 53  | ableData".Q.@"NS
0000000000238DB1 | 45 72 72 6F 72 22 00 40  3F 00 40 32 34 40 30 3A  | Error".@?.@24@0:
0000000000238DC1 | 38 5E 7B 72 74 5F 6D 73  67 68 64 72 32 3D 53 43  | 8^{rt_msghdr2=SC
0000000000238DD1 | 43 53 69 69 69 69 69 69  49 7B 72 74 5F 6D 65 74  | CSiiiiiiI{rt_met
0000000000238DE1 | 72 69 63 73 3D 49 49 49  69 49 49 49 49 49 49 5B  | rics=IIIiIIIIII[
0000000000238DF1 | 34 49 5D 7D 7D 31 36 00  76 32 38 40 30 3A 38 5E  | 4I]}}16.v28@0:8^
0000000000238E01 | 7B 73 6F 63 6B 61 64 64  72 3D 43 43 5B 31 34 63  | {sockaddr=CC[14c
0000000000238E11 | 5D 7D 31 36 69 32 34 00  40 32 30 40 30 3A 38 69  | ]}16i24.@20@0:8i
0000000000238E21 | 31 36 00 5B 38 7B 73 6F  63 6B 61 64 64 72 3D 22  | 16.[8{sockaddr="
0000000000238E31 | 73 61 5F 6C 65 6E 22 43  22 73 61 5F 66 61 6D 69  | sa_len"C"sa_fami
0000000000238E41 | 6C 79 22 43 22 73 61 5F  64 61 74 61 22 5B 31 34  | ly"C"sa_data"[14
0000000000238E51 | 63 5D 7D 5D 00 7B 72 74  5F 6D 73 67 68 64 72 32  | c]}].{rt_msghdr2
0000000000238E61 | 3D 22 72 74 6D 5F 6D 73  67 6C 65 6E 22 53 22 72  | ="rtm_msglen"S"r
0000000000238E71 | 74 6D 5F 76 65 72 73 69  6F 6E 22 43 22 72 74 6D  | tm_version"C"rtm
0000000000238E81 | 5F 74 79 70 65 22 43 22  72 74 6D 5F 69 6E 64 65  | _type"C"rtm_inde
0000000000238E91 | 78 22 53 22 72 74 6D 5F  66 6C 61 67 73 22 69 22  | x"S"rtm_flags"i"
0000000000238EA1 | 72 74 6D 5F 61 64 64 72  73 22 69 22 72 74 6D 5F  | rtm_addrs"i"rtm_
0000000000238EB1 | 72 65 66 63 6E 74 22 69  22 72 74 6D 5F 70 61 72  | refcnt"i"rtm_par
0000000000238EC1 | 65 6E 74 66 6C 61 67 73  22 69 22 72 74 6D 5F 72  | entflags"i"rtm_r
0000000000238ED1 | 65 73 65 72 76 65 64 22  69 22 72 74 6D 5F 75 73  | eserved"i"rtm_us
0000000000238EE1 | 65 22 69 22 72 74 6D 5F  69 6E 69 74 73 22 49 22  | e"i"rtm_inits"I"
0000000000238EF1 | 72 74 6D 5F 72 6D 78 22  7B 72 74 5F 6D 65 74 72  | rtm_rmx"{rt_metr
0000000000238F01 | 69 63 73 3D 22 72 6D 78  5F 6C 6F 63 6B 73 22 49  | ics="rmx_locks"I
0000000000238F11 | 22 72 6D 78 5F 6D 74 75  22 49 22 72 6D 78 5F 68  | "rmx_mtu"I"rmx_h
0000000000238F21 | 6F 70 63 6F 75 6E 74 22  49 22 72 6D 78 5F 65 78  | opcount"I"rmx_ex
0000000000238F31 | 70 69 72 65 22 69 22 72  6D 78 5F 72 65 63 76 70  | pire"i"rmx_recvp
0000000000238F41 | 69 70 65 22 49 22 72 6D  78 5F 73 65 6E 64 70 69  | ipe"I"rmx_sendpi
0000000000238F51 | 70 65 22 49 22 72 6D 78  5F 73 73 74 68 72 65 73  | pe"I"rmx_ssthres
0000000000238F61 | 68 22 49 22 72 6D 78 5F  72 74 74 22 49 22 72 6D  | h"I"rmx_rtt"I"rm
0000000000238F71 | 78 5F 72 74 74 76 61 72  22 49 22 72 6D 78 5F 70  | x_rttvar"I"rmx_p
0000000000238F81 | 6B 73 65 6E 74 22 49 22  72 6D 78 5F 66 69 6C 6C  | ksent"I"rmx_fill
0000000000238F91 | 65 72 22 5B 34 49 5D 7D  7D 00 69 00 40 33 32 40  | er"[4I]}}.i.@32@
0000000000238FA1 | 30 3A 38 40 31 36 40 32  34 00 40 32 34 40 30 3A  | 0:8@16@24.@24@0:
0000000000238FB1 | 38 40 31 36 00 40 33 32  40 30 3A 38 40 31 36 5E  | 8@16.@32@0:8@16^
0000000000238FC1 | 40 32 34 00 42 34 30 40  30 3A 38 40 31 36 40 32  | @24.B40@0:8@16@2
0000000000238FD1 | 34 5E 40 33 32 00 40 34  30 40 30 3A 38 2A 31 36  | 4^@32.@40@0:8*16
0000000000238FE1 | 51 32 34 5E 40 33 32 00  7B 7A 5F 73 74 72 65 61  | Q24^@32.{z_strea
0000000000238FF1 | 6D 5F 73 3D 22 6E 65 78  74 5F 69 6E 22 2A 22 61  | m_s="next_in"*"a
0000000000239001 | 76 61 69 6C 5F 69 6E 22  49 22 74 6F 74 61 6C 5F  | vail_in"I"total_
0000000000239011 | 69 6E 22 51 22 6E 65 78  74 5F 6F 75 74 22 2A 22  | in"Q"next_out"*"
0000000000239021 | 61 76 61 69 6C 5F 6F 75  74 22 49 22 74 6F 74 61  | avail_out"I"tota
0000000000239031 | 6C 5F 6F 75 74 22 51 22  6D 73 67 22 2A 22 73 74  | l_out"Q"msg"*"st
0000000000239041 | 61 74 65 22 5E 7B 69 6E  74 65 72 6E 61 6C 5F 73  | ate"^{internal_s
0000000000239051 | 74 61 74 65 7D 22 7A 61  6C 6C 6F 63 22 5E 3F 22  | tate}"zalloc"^?"
0000000000239061 | 7A 66 72 65 65 22 5E 3F  22 6F 70 61 71 75 65 22  | zfree"^?"opaque"
0000000000239071 | 5E 76 22 64 61 74 61 5F  74 79 70 65 22 69 22 61  | ^v"data_type"i"a
0000000000239081 | 64 6C 65 72 22 51 22 72  65 73 65 72 76 65 64 22  | dler"Q"reserved"
0000000000239091 | 51 7D 00 2A 31 36 40 30  3A 38 00 76 33 32 40 30  | Q}.*16@0:8.v32@0
00000000002390A1 | 3A 38 5E 2A 31 36 5E 51  32 34 00 2A 00 40 37 32  | :8^*16^Q24.*.@72
00000000002390B1 | 40 30 3A 38 40 31 36 51  32 34 51 33 32 64 34 30  | @0:8@16Q24Q32d40
00000000002390C1 | 51 34 38 40 35 36 71 36  34 00 51 33 32 40 30 3A  | Q48@56q64.Q32@0:
00000000002390D1 | 38 51 31 36 5E 42 32 34  00 51 32 34 40 30 3A 38  | 8Q16^B24.Q24@0:8
00000000002390E1 | 51 31 36 00 51 33 32 40  30 3A 38 40 31 36 5E 42  | Q16.Q32@0:8@16^B
00000000002390F1 | 32 34 00 71 32 34 40 30  3A 38 71 31 36 00 64 00  | 24.q24@0:8q16.d.
0000000000239101 | 40 22 4E 53 44 61 74 61  22 00 71 00 40 34 30 40  | @"NSData".q.@40@
0000000000239111 | 30 3A 38 40 31 36 64 32  34 71 33 32 00 40 22 4E  | 0:8@16d24q32.@"N
0000000000239121 | 53 44 69 63 74 69 6F 6E  61 72 79 22 00 40 33 36  | SDictionary".@36
0000000000239131 | 40 30 3A 38 40 31 36 53  32 34 5E 40 32 38 00 40  | @0:8@16S24^@28.@
0000000000239141 | 32 34 40 30 3A 38 72 5E  7B 73 6F 63 6B 61 64 64  | 24@0:8r^{sockadd
0000000000239151 | 72 5F 69 6E 3D 43 43 53  7B 69 6E 5F 61 64 64 72  | r_in=CCS{in_addr
0000000000239161 | 3D 49 7D 5B 38 63 5D 7D  31 36 00 40 32 34 40 30  | =I}[8c]}16.@24@0
0000000000239171 | 3A 38 72 5E 7B 73 6F 63  6B 61 64 64 72 5F 69 6E  | :8r^{sockaddr_in
0000000000239181 | 36 3D 43 43 53 49 7B 69  6E 36 5F 61 64 64 72 3D  | 6=CCSI{in6_addr=
0000000000239191 | 28 3F 3D 5B 31 36 43 5D  5B 38 53 5D 5B 34 49 5D  | (?=[16C][8S][4I]
00000000002391A1 | 29 7D 49 7D 31 36 00 53  32 34 40 30 3A 38 72 5E  | )}I}16.S24@0:8r^
00000000002391B1 | 7B 73 6F 63 6B 61 64 64  72 5F 69 6E 3D 43 43 53  | {sockaddr_in=CCS
00000000002391C1 | 7B 69 6E 5F 61 64 64 72  3D 49 7D 5B 38 63 5D 7D  | {in_addr=I}[8c]}
00000000002391D1 | 31 36 00 53 32 34 40 30  3A 38 72 5E 7B 73 6F 63  | 16.S24@0:8r^{soc
00000000002391E1 | 6B 61 64 64 72 5F 69 6E  36 3D 43 43 53 49 7B 69  | kaddr_in6=CCSI{i
00000000002391F1 | 6E 36 5F 61 64 64 72 3D  28 3F 3D 5B 31 36 43 5D  | n6_addr=(?=[16C]
0000000000239201 | 5B 38 53 5D 5B 34 49 5D  29 7D 49 7D 31 36 00 40  | [8S][4I])}I}16.@
0000000000239211 | 32 34 40 30 3A 38 72 5E  7B 73 6F 63 6B 61 64 64  | 24@0:8r^{sockadd
0000000000239221 | 72 5F 75 6E 3D 43 43 5B  31 30 34 63 5D 7D 31 36  | r_un=CC[104c]}16
0000000000239231 | 00 53 32 34 40 30 3A 38  40 31 36 00 42 32 34 40  | .S24@0:8@16.B24@
0000000000239241 | 30 3A 38 40 31 36 00 42  34 30 40 30 3A 38 5E 40  | 0:8@16.B40@0:8^@
0000000000239251 | 31 36 5E 53 32 34 40 33  32 00 42 34 38 40 30 3A  | 16^S24@32.B48@0:
0000000000239261 | 38 5E 40 31 36 5E 53 32  34 2A 33 32 40 34 30 00  | 8^@16^S24*32@40.
0000000000239271 | 40 34 30 40 30 3A 38 40  31 36 40 32 34 40 33 32  | @40@0:8@16@24@32
0000000000239281 | 00 76 32 38 40 30 3A 38  40 31 36 42 32 34 00 76  | .v28@0:8@16B24.v
0000000000239291 | 33 32 40 30 3A 38 5E 40  31 36 5E 40 32 34 00 76  | 32@0:8^@16^@24.v
00000000002392A1 | 33 36 40 30 3A 38 40 31  36 40 32 34 42 33 32 00  | 36@0:8@16@24B32.
00000000002392B1 | 76 33 32 40 30 3A 38 40  31 36 40 32 34 00 64 31  | v32@0:8@16@24.d1
00000000002392C1 | 36 40 30 3A 38 00 76 32  34 40 30 3A 38 64 31 36  | 6@0:8.v24@0:8d16
00000000002392D1 | 00 42 32 38 40 30 3A 38  53 31 36 5E 40 32 30 00  | .B28@0:8S16^@20.
00000000002392E1 | 42 33 36 40 30 3A 38 40  31 36 53 32 34 5E 40 32  | B36@0:8@16S24^@2
00000000002392F1 | 38 00 42 33 32 40 30 3A  38 40 31 36 5E 40 32 34  | 8.B32@0:8@16^@24
0000000000239301 | 00 42 32 30 40 30 3A 38  69 31 36 00 42 34 34 40  | .B20@0:8i16.B44@
0000000000239311 | 30 3A 38 40 31 36 53 32  34 64 32 38 5E 40 33 36  | 0:8@16S24d28^@36
0000000000239321 | 00 42 35 32 40 30 3A 38  40 31 36 53 32 34 40 32  | .B52@0:8@16S24@2
0000000000239331 | 38 64 33 36 5E 40 34 34  00 42 34 30 40 30 3A 38  | 8d36^@44.B40@0:8
0000000000239341 | 40 31 36 64 32 34 5E 40  33 32 00 42 34 38 40 30  | @16d24^@32.B48@0
0000000000239351 | 3A 38 40 31 36 40 32 34  64 33 32 5E 40 34 30 00  | :8@16@24d32^@40.
0000000000239361 | 76 33 36 40 30 3A 38 69  31 36 40 32 30 40 32 38  | v36@0:8i16@20@28
0000000000239371 | 00 76 32 38 40 30 3A 38  69 31 36 40 32 30 00 42  | .v28@0:8i16@20.B
0000000000239381 | 33 36 40 30 3A 38 69 31  36 40 32 30 5E 40 32 38  | 36@0:8i16@20^@28
0000000000239391 | 00 69 33 36 40 30 3A 38  69 31 36 40 32 30 5E 40  | .i36@0:8i16@20^@
00000000002393A1 | 32 38 00 76 33 32 40 30  3A 38 69 31 36 40 32 30  | 28.v32@0:8i16@20
00000000002393B1 | 69 32 38 00 76 32 30 40  30 3A 38 69 31 36 00 53  | i28.v20@0:8i16.S
00000000002393C1 | 31 36 40 30 3A 38 00 53  32 30 40 30 3A 38 69 31  | 16@0:8.S20@0:8i1
00000000002393D1 | 36 00 76 34 34 40 30 3A  38 5E 40 31 36 5E 40 32  | 6.v44@0:8^@16^@2
00000000002393E1 | 34 40 33 32 53 34 30 00  76 33 32 40 30 3A 38 64  | 4@32S40.v32@0:8d
00000000002393F1 | 31 36 71 32 34 00 76 34  38 40 30 3A 38 64 31 36  | 16q24.v48@0:8d16
0000000000239401 | 40 32 34 51 33 32 71 34  30 00 76 35 36 40 30 3A  | @24Q32q40.v56@0:
0000000000239411 | 38 64 31 36 40 32 34 51  33 32 51 34 30 71 34 38  | 8d16@24Q32Q40q48
0000000000239421 | 00 76 34 30 40 30 3A 38  51 31 36 64 32 34 71 33  | .v40@0:8Q16d24q3
0000000000239431 | 32 00 76 35 36 40 30 3A  38 51 31 36 64 32 34 40  | 2.v56@0:8Q16d24@
0000000000239441 | 33 32 51 34 30 71 34 38  00 76 34 30 40 30 3A 38  | 32Q40q48.v40@0:8
0000000000239451 | 40 31 36 64 32 34 71 33  32 00 76 35 36 40 30 3A  | @16d24q32.v56@0:
0000000000239461 | 38 40 31 36 64 32 34 40  33 32 51 34 30 71 34 38  | 8@16d24@32Q40q48
0000000000239471 | 00 76 34 38 40 30 3A 38  40 31 36 64 32 34 51 33  | .v48@0:8@16d24Q3
0000000000239481 | 32 71 34 30 00 76 36 34  40 30 3A 38 40 31 36 64  | 2q40.v64@0:8@16d
0000000000239491 | 32 34 40 33 32 51 34 30  51 34 38 71 35 36 00 66  | 24@32Q40Q48q56.f
00000000002394A1 | 34 30 40 30 3A 38 5E 71  31 36 5E 51 32 34 5E 51  | 40@0:8^q16^Q24^Q
00000000002394B1 | 33 32 00 69 33 32 40 30  3A 38 5E 76 31 36 5E 51  | 32.i32@0:8^v16^Q
00000000002394C1 | 32 34 00 69 33 32 40 30  3A 38 72 5E 76 31 36 5E  | 24.i32@0:8r^v16^
00000000002394D1 | 51 32 34 00 76 32 34 40  30 3A 38 42 31 36 69 32  | Q24.v24@0:8B16i2
00000000002394E1 | 30 00 42 32 30 40 30 3A  38 42 31 36 00 69 31 36  | 0.B20@0:8B16.i16
00000000002394F1 | 40 30 3A 38 00 5E 7B 5F  5F 43 46 52 65 61 64 53  | @0:8.^{__CFReadS
0000000000239501 | 74 72 65 61 6D 3D 7D 31  36 40 30 3A 38 00 5E 7B  | tream=}16@0:8.^{
0000000000239511 | 5F 5F 43 46 57 72 69 74  65 53 74 72 65 61 6D 3D  | __CFWriteStream=
0000000000239521 | 7D 31 36 40 30 3A 38 00  5E 7B 53 53 4C 43 6F 6E  | }16@0:8.^{SSLCon
0000000000239531 | 74 65 78 74 3D 7D 31 36  40 30 3A 38 00 49 00 53  | text=}16@0:8.I.S
0000000000239541 | 00 40 22 3C 7A 32 36 70  4E 51 38 62 3E 22 00 40  | .@"<z26pNQ8b>".@
0000000000239551 | 22 4E 53 55 52 4C 22 00  40 22 4E 53 4F 62 6A 65  | "NSURL".@"NSObje
0000000000239561 | 63 74 3C 4F 53 5F 64 69  73 70 61 74 63 68 5F 73  | ct<OS_dispatch_s
0000000000239571 | 6F 75 72 63 65 3E 22 00  40 22 4E 53 4D 75 74 61  | ource>".@"NSMuta
0000000000239581 | 62 6C 65 41 72 72 61 79  22 00 40 22 6D 32 63 78  | bleArray".@"m2cx
0000000000239591 | 44 74 55 62 22 00 40 22  68 35 59 73 67 4A 49 7A  | DtUb".@"h5YsgJIz
00000000002395A1 | 22 00 40 22 67 36 68 5A  61 42 71 53 22 00 7B 3F  | ".@"g6hZaBqS".{?
00000000002395B1 | 3D 22 76 65 72 73 69 6F  6E 22 71 22 69 6E 66 6F  | ="version"q"info
00000000002395C1 | 22 5E 76 22 72 65 74 61  69 6E 22 5E 3F 22 72 65  | "^v"retain"^?"re
00000000002395D1 | 6C 65 61 73 65 22 5E 3F  22 63 6F 70 79 44 65 73  | lease"^?"copyDes
00000000002395E1 | 63 72 69 70 74 69 6F 6E  22 5E 3F 7D 00 5E 7B 5F  | cription"^?}.^{_
00000000002395F1 | 5F 43 46 52 65 61 64 53  74 72 65 61 6D 3D 7D 00  | _CFReadStream=}.
0000000000239601 | 5E 7B 5F 5F 43 46 57 72  69 74 65 53 74 72 65 61  | ^{__CFWriteStrea
0000000000239611 | 6D 3D 7D 00 5E 7B 53 53  4C 43 6F 6E 74 65 78 74  | m=}.^{SSLContext
0000000000239621 | 3D 7D 00 5E 76 00 40 00  40 31 34 38 40 30 3A 38  | =}.^v.@.@148@0:8
0000000000239631 | 49 31 36 7B 5F 52 4E 43  72 79 70 74 6F 72 53 65  | I16{_RNCryptorSe
0000000000239641 | 74 74 69 6E 67 73 3D 49  51 51 49 49 51 7B 5F 52  | ttings=IQQIIQ{_R
0000000000239651 | 4E 43 72 79 70 74 6F 72  4B 65 79 44 65 72 69 76  | NCryptorKeyDeriv
0000000000239661 | 61 74 69 6F 6E 53 65 74  74 69 6E 67 73 3D 51 51  | ationSettings=QQ
0000000000239671 | 49 49 49 42 7D 7B 5F 52  4E 43 72 79 70 74 6F 72  | IIIB}{_RNCryptor
0000000000239681 | 4B 65 79 44 65 72 69 76  61 74 69 6F 6E 53 65 74  | KeyDerivationSet
0000000000239691 | 74 69 6E 67 73 3D 51 51  49 49 49 42 7D 7D 32 30  | tings=QQIIIB}}20
00000000002396A1 | 40 31 32 34 40 31 33 32  5E 40 31 34 30 00 40 32  | @124@132^@140.@2
00000000002396B1 | 34 40 30 3A 38 5E 40 31  36 00 5E 7B 5F 43 43 43  | 4@0:8^@16.^{_CCC
00000000002396C1 | 72 79 70 74 6F 72 3D 7D  31 36 40 30 3A 38 00 5E  | ryptor=}16@0:8.^
00000000002396D1 | 7B 5F 43 43 43 72 79 70  74 6F 72 3D 7D 00 40 31  | {_CCCryptor=}.@1
00000000002396E1 | 34 34 40 30 3A 38 40 31  36 7B 5F 52 4E 43 72 79  | 44@0:8@16{_RNCry
00000000002396F1 | 70 74 6F 72 53 65 74 74  69 6E 67 73 3D 49 51 51  | ptorSettings=IQQ
0000000000239701 | 49 49 51 7B 5F 52 4E 43  72 79 70 74 6F 72 4B 65  | IIQ{_RNCryptorKe
0000000000239711 | 79 44 65 72 69 76 61 74  69 6F 6E 53 65 74 74 69  | yDerivationSetti
0000000000239721 | 6E 67 73 3D 51 51 49 49  49 42 7D 7B 5F 52 4E 43  | ngs=QQIIIB}{_RNC
0000000000239731 | 72 79 70 74 6F 72 4B 65  79 44 65 72 69 76 61 74  | ryptorKeyDerivat
0000000000239741 | 69 6F 6E 53 65 74 74 69  6E 67 73 3D 51 51 49 49  | ionSettings=QQII
0000000000239751 | 49 42 7D 7D 32 34 40 31  32 38 5E 40 31 33 36 00  | IB}}24@128^@136.
0000000000239761 | 40 31 35 32 40 30 3A 38  40 31 36 7B 5F 52 4E 43  | @152@0:8@16{_RNC
0000000000239771 | 72 79 70 74 6F 72 53 65  74 74 69 6E 67 73 3D 49  | ryptorSettings=I
0000000000239781 | 51 51 49 49 51 7B 5F 52  4E 43 72 79 70 74 6F 72  | QQIIQ{_RNCryptor
0000000000239791 | 4B 65 79 44 65 72 69 76  61 74 69 6F 6E 53 65 74  | KeyDerivationSet
00000000002397A1 | 74 69 6E 67 73 3D 51 51  49 49 49 42 7D 7B 5F 52  | tings=QQIIIB}{_R
00000000002397B1 | 4E 43 72 79 70 74 6F 72  4B 65 79 44 65 72 69 76  | NCryptorKeyDeriv
00000000002397C1 | 61 74 69 6F 6E 53 65 74  74 69 6E 67 73 3D 51 51  | ationSettings=QQ
00000000002397D1 | 49 49 49 42 7D 7D 32 34  40 31 32 38 40 31 33 36  | IIIB}}24@128@136
00000000002397E1 | 5E 40 31 34 34 00 40 34  38 40 30 3A 38 40 31 36  | ^@144.@48@0:8@16
00000000002397F1 | 40 32 34 40 33 32 5E 40  34 30 00 40 34 30 40 30  | @24@32^@40.@40@0
0000000000239801 | 3A 38 40 31 36 40 32 34  40 3F 33 32 00 40 33 32  | :8@16@24@?32.@32
0000000000239811 | 40 30 3A 38 40 31 36 40  3F 32 34 00 7B 5F 52 4E  | @0:8@16@?24.{_RN
0000000000239821 | 43 72 79 70 74 6F 72 53  65 74 74 69 6E 67 73 3D  | CryptorSettings=
0000000000239831 | 49 51 51 49 49 51 7B 5F  52 4E 43 72 79 70 74 6F  | IQQIIQ{_RNCrypto
0000000000239841 | 72 4B 65 79 44 65 72 69  76 61 74 69 6F 6E 53 65  | rKeyDerivationSe
0000000000239851 | 74 74 69 6E 67 73 3D 51  51 49 49 49 42 7D 7B 5F  | ttings=QQIIIB}{_
0000000000239861 | 52 4E 43 72 79 70 74 6F  72 4B 65 79 44 65 72 69  | RNCryptorKeyDeri
0000000000239871 | 76 61 74 69 6F 6E 53 65  74 74 69 6E 67 73 3D 51  | vationSettings=Q
0000000000239881 | 51 49 49 49 42 7D 7D 31  36 40 30 3A 38 00 76 31  | QIIIB}}16@0:8.v1
0000000000239891 | 32 30 40 30 3A 38 7B 5F  52 4E 43 72 79 70 74 6F  | 20@0:8{_RNCrypto
00000000002398A1 | 72 53 65 74 74 69 6E 67  73 3D 49 51 51 49 49 51  | rSettings=IQQIIQ
00000000002398B1 | 7B 5F 52 4E 43 72 79 70  74 6F 72 4B 65 79 44 65  | {_RNCryptorKeyDe
00000000002398C1 | 72 69 76 61 74 69 6F 6E  53 65 74 74 69 6E 67 73  | rivationSettings
00000000002398D1 | 3D 51 51 49 49 49 42 7D  7B 5F 52 4E 43 72 79 70  | =QQIIIB}{_RNCryp
00000000002398E1 | 74 6F 72 4B 65 79 44 65  72 69 76 61 74 69 6F 6E  | torKeyDerivation
00000000002398F1 | 53 65 74 74 69 6E 67 73  3D 51 51 49 49 49 42 7D  | Settings=QQIIIB}
0000000000239901 | 7D 31 36 00 7B 3F 3D 22  63 74 78 22 5B 39 36 49  | }16.{?="ctx"[96I
0000000000239911 | 5D 7D 00 40 22 4E 53 53  74 72 69 6E 67 22 00 7B  | ]}.@"NSString".{
0000000000239921 | 5F 52 4E 43 72 79 70 74  6F 72 53 65 74 74 69 6E  | _RNCryptorSettin
0000000000239931 | 67 73 3D 22 61 6C 67 6F  72 69 74 68 6D 22 49 22  | gs="algorithm"I"
0000000000239941 | 62 6C 6F 63 6B 53 69 7A  65 22 51 22 49 56 53 69  | blockSize"Q"IVSi
0000000000239951 | 7A 65 22 51 22 6F 70 74  69 6F 6E 73 22 49 22 48  | ze"Q"options"I"H
0000000000239961 | 4D 41 43 41 6C 67 6F 72  69 74 68 6D 22 49 22 72  | MACAlgorithm"I"r
0000000000239971 | 31 43 4D 36 41 36 49 22  51 22 6B 65 79 53 65 74  | 1CM6A6I"Q"keySet
0000000000239981 | 74 69 6E 67 73 22 7B 5F  52 4E 43 72 79 70 74 6F  | tings"{_RNCrypto
0000000000239991 | 72 4B 65 79 44 65 72 69  76 61 74 69 6F 6E 53 65  | rKeyDerivationSe
00000000002399A1 | 74 74 69 6E 67 73 3D 22  6B 65 79 53 69 7A 65 22  | ttings="keySize"
00000000002399B1 | 51 22 73 61 6C 74 53 69  7A 65 22 51 22 50 42 4B  | Q"saltSize"Q"PBK
00000000002399C1 | 44 46 41 6C 67 6F 72 69  74 68 6D 22 49 22 50 52  | DFAlgorithm"I"PR
00000000002399D1 | 46 22 49 22 72 6F 75 6E  64 73 22 49 22 68 61 73  | F"I"rounds"I"has
00000000002399E1 | 56 32 50 61 73 73 77 6F  72 64 22 42 7D 22 48 4D  | V2Password"B}"HM
00000000002399F1 | 41 43 4B 65 79 53 65 74  74 69 6E 67 73 22 7B 5F  | ACKeySettings"{_
0000000000239A01 | 52 4E 43 72 79 70 74 6F  72 4B 65 79 44 65 72 69  | RNCryptorKeyDeri
0000000000239A11 | 76 61 74 69 6F 6E 53 65  74 74 69 6E 67 73 3D 22  | vationSettings="
0000000000239A21 | 6B 65 79 53 69 7A 65 22  51 22 73 61 6C 74 53 69  | keySize"Q"saltSi
0000000000239A31 | 7A 65 22 51 22 50 42 4B  44 46 41 6C 67 6F 72 69  | ze"Q"PBKDFAlgori
0000000000239A41 | 74 68 6D 22 49 22 50 52  46 22 49 22 72 6F 75 6E  | thm"I"PRF"I"roun
0000000000239A51 | 64 73 22 49 22 68 61 73  56 32 50 61 73 73 77 6F  | ds"I"hasV2Passwo
0000000000239A61 | 72 64 22 42 7D 7D 00 40  32 34 40 30 3A 38 72 5E  | rd"B}}.@24@0:8r^
0000000000239A71 | 7B 73 6F 63 6B 61 64 64  72 3D 43 43 5B 31 34 63  | {sockaddr=CC[14c
0000000000239A81 | 5D 7D 31 36 00 71 32 30  40 30 3A 38 49 31 36 00  | ]}16.q20@0:8I16.
0000000000239A91 | 71 31 36 40 30 3A 38 00  5E 7B 5F 5F 53 43 4E 65  | q16@0:8.^{__SCNe
0000000000239AA1 | 74 77 6F 72 6B 52 65 61  63 68 61 62 69 6C 69 74  | tworkReachabilit
0000000000239AB1 | 79 3D 7D 00 40 31 36 38  40 30 3A 38 40 31 36 7B  | y=}.@168@0:8@16{
0000000000239AC1 | 5F 52 4E 43 72 79 70 74  6F 72 53 65 74 74 69 6E  | _RNCryptorSettin
0000000000239AD1 | 67 73 3D 49 51 51 49 49  51 7B 5F 52 4E 43 72 79  | gs=IQQIIQ{_RNCry
0000000000239AE1 | 70 74 6F 72 4B 65 79 44  65 72 69 76 61 74 69 6F  | ptorKeyDerivatio
0000000000239AF1 | 6E 53 65 74 74 69 6E 67  73 3D 51 51 49 49 49 42  | nSettings=QQIIIB
0000000000239B01 | 7D 7B 5F 52 4E 43 72 79  70 74 6F 72 4B 65 79 44  | }{_RNCryptorKeyD
0000000000239B11 | 65 72 69 76 61 74 69 6F  6E 53 65 74 74 69 6E 67  | erivationSetting
0000000000239B21 | 73 3D 51 51 49 49 49 42  7D 7D 32 34 40 31 32 38  | s=QQIIIB}}24@128
0000000000239B31 | 40 31 33 36 40 31 34 34  40 31 35 32 5E 40 31 36  | @136@144@152^@16
0000000000239B41 | 30 00 40 31 36 30 40 30  3A 38 40 31 36 7B 5F 52  | 0.@160@0:8@16{_R
0000000000239B51 | 4E 43 72 79 70 74 6F 72  53 65 74 74 69 6E 67 73  | NCryptorSettings
0000000000239B61 | 3D 49 51 51 49 49 51 7B  5F 52 4E 43 72 79 70 74  | =IQQIIQ{_RNCrypt
0000000000239B71 | 6F 72 4B 65 79 44 65 72  69 76 61 74 69 6F 6E 53  | orKeyDerivationS
0000000000239B81 | 65 74 74 69 6E 67 73 3D  51 51 49 49 49 42 7D 7B  | ettings=QQIIIB}{
0000000000239B91 | 5F 52 4E 43 72 79 70 74  6F 72 4B 65 79 44 65 72  | _RNCryptorKeyDer
0000000000239BA1 | 69 76 61 74 69 6F 6E 53  65 74 74 69 6E 67 73 3D  | ivationSettings=
0000000000239BB1 | 51 51 49 49 49 42 7D 7D  32 34 40 31 32 38 40 31  | QQIIIB}}24@128@1
0000000000239BC1 | 33 36 40 31 34 34 5E 40  31 35 32 00 40 31 34 34  | 36@144^@152.@144
0000000000239BD1 | 40 30 3A 38 7B 5F 52 4E  43 72 79 70 74 6F 72 53  | @0:8{_RNCryptorS
0000000000239BE1 | 65 74 74 69 6E 67 73 3D  49 51 51 49 49 51 7B 5F  | ettings=IQQIIQ{_
0000000000239BF1 | 52 4E 43 72 79 70 74 6F  72 4B 65 79 44 65 72 69  | RNCryptorKeyDeri
0000000000239C01 | 76 61 74 69 6F 6E 53 65  74 74 69 6E 67 73 3D 51  | vationSettings=Q
0000000000239C11 | 51 49 49 49 42 7D 7B 5F  52 4E 43 72 79 70 74 6F  | QIIIB}{_RNCrypto
0000000000239C21 | 72 4B 65 79 44 65 72 69  76 61 74 69 6F 6E 53 65  | rKeyDerivationSe
0000000000239C31 | 74 74 69 6E 67 73 3D 51  51 49 49 49 42 7D 7D 31  | ttings=QQIIIB}}1
0000000000239C41 | 36 40 31 32 30 40 31 32  38 40 3F 31 33 36 00 40  | 6@120@128@?136.@
0000000000239C51 | 31 35 32 40 30 3A 38 7B  5F 52 4E 43 72 79 70 74  | 152@0:8{_RNCrypt
0000000000239C61 | 6F 72 53 65 74 74 69 6E  67 73 3D 49 51 51 49 49  | orSettings=IQQII
0000000000239C71 | 51 7B 5F 52 4E 43 72 79  70 74 6F 72 4B 65 79 44  | Q{_RNCryptorKeyD
0000000000239C81 | 65 72 69 76 61 74 69 6F  6E 53 65 74 74 69 6E 67  | erivationSetting
0000000000239C91 | 73 3D 51 51 49 49 49 42  7D 7B 5F 52 4E 43 72 79  | s=QQIIIB}{_RNCry
0000000000239CA1 | 70 74 6F 72 4B 65 79 44  65 72 69 76 61 74 69 6F  | ptorKeyDerivatio
0000000000239CB1 | 6E 53 65 74 74 69 6E 67  73 3D 51 51 49 49 49 42  | nSettings=QQIIIB
0000000000239CC1 | 7D 7D 31 36 40 31 32 30  40 31 32 38 40 31 33 36  | }}16@120@128@136
0000000000239CD1 | 40 3F 31 34 34 00 40 31  33 36 40 30 3A 38 7B 5F  | @?144.@136@0:8{_
0000000000239CE1 | 52 4E 43 72 79 70 74 6F  72 53 65 74 74 69 6E 67  | RNCryptorSetting
0000000000239CF1 | 73 3D 49 51 51 49 49 51  7B 5F 52 4E 43 72 79 70  | s=IQQIIQ{_RNCryp
0000000000239D01 | 74 6F 72 4B 65 79 44 65  72 69 76 61 74 69 6F 6E  | torKeyDerivation
0000000000239D11 | 53 65 74 74 69 6E 67 73  3D 51 51 49 49 49 42 7D  | Settings=QQIIIB}
0000000000239D21 | 7B 5F 52 4E 43 72 79 70  74 6F 72 4B 65 79 44 65  | {_RNCryptorKeyDe
0000000000239D31 | 72 69 76 61 74 69 6F 6E  53 65 74 74 69 6E 67 73  | rivationSettings
0000000000239D41 | 3D 51 51 49 49 49 42 7D  7D 31 36 40 31 32 30 40  | =QQIIIB}}16@120@
0000000000239D51 | 3F 31 32 38 00 40 31 36  30 40 30 3A 38 7B 5F 52  | ?128.@160@0:8{_R
0000000000239D61 | 4E 43 72 79 70 74 6F 72  53 65 74 74 69 6E 67 73  | NCryptorSettings
0000000000239D71 | 3D 49 51 51 49 49 51 7B  5F 52 4E 43 72 79 70 74  | =IQQIIQ{_RNCrypt
0000000000239D81 | 6F 72 4B 65 79 44 65 72  69 76 61 74 69 6F 6E 53  | orKeyDerivationS
0000000000239D91 | 65 74 74 69 6E 67 73 3D  51 51 49 49 49 42 7D 7B  | ettings=QQIIIB}{
0000000000239DA1 | 5F 52 4E 43 72 79 70 74  6F 72 4B 65 79 44 65 72  | _RNCryptorKeyDer
0000000000239DB1 | 69 76 61 74 69 6F 6E 53  65 74 74 69 6E 67 73 3D  | ivationSettings=
0000000000239DC1 | 51 51 49 49 49 42 7D 7D  31 36 40 31 32 30 40 31  | QQIIIB}}16@120@1
0000000000239DD1 | 32 38 40 31 33 36 40 31  34 34 40 3F 31 35 32 00  | 28@136@144@?152.
0000000000239DE1 | 42 34 30 40 30 3A 38 40  31 36 40 32 34 40 33 32  | B40@0:8@16@24@32
0000000000239DF1 | 00 42 33 36 40 30 3A 38  40 31 36 40 32 34 42 33  | .B36@0:8@16@24B3
0000000000239E01 | 32 00 76 32 34 40 30 3A  38 5E 76 31 36 00 69 32  | 2.v24@0:8^v16.i2
0000000000239E11 | 34 40 30 3A 38 69 31 36  69 32 30 00 76 32 34 40  | 4@0:8i16i20.v24@
0000000000239E21 | 30 3A 38 5E 5E 7B 69 66  61 64 64 72 73 7D 31 36  | 0:8^^{ifaddrs}16
0000000000239E31 | 00 40 22 4E 53 4D 75 74  61 62 6C 65 53 74 72 69  | .@"NSMutableStri
0000000000239E41 | 6E 67 22 00 40 22 4E 53  41 72 72 61 79 22 00 23  | ng".@"NSArray".#
0000000000239E51 | 31 36 40 30 3A 38 00 40  32 34 40 30 3A 38 3A 31  | 16@0:8.@24@0:8:1
0000000000239E61 | 36 00 40 33 32 40 30 3A  38 3A 31 36 40 32 34 00  | 6.@32@0:8:16@24.
0000000000239E71 | 40 34 30 40 30 3A 38 3A  31 36 40 32 34 40 33 32  | @40@0:8:16@24@32
0000000000239E81 | 00 42 32 34 40 30 3A 38  23 31 36 00 42 32 34 40  | .B24@0:8#16.B24@
0000000000239E91 | 30 3A 38 3A 31 36 00 56  76 31 36 40 30 3A 38 00  | 0:8:16.Vv16@0:8.
0000000000239EA1 | 5E 7B 5F 4E 53 5A 6F 6E  65 3D 7D 31 36 40 30 3A  | ^{_NSZone=}16@0:
0000000000239EB1 | 38 00 42 32 34 40 30 3A  38 40 22 50 72 6F 74 6F  | 8.B24@0:8@"Proto
0000000000239EC1 | 63 6F 6C 22 31 36 00 40  22 4E 53 53 74 72 69 6E  | col"16.@"NSStrin
0000000000239ED1 | 67 22 31 36 40 30 3A 38  00 76 34 30 40 30 3A 38  | g"16@0:8.v40@0:8
0000000000239EE1 | 40 31 36 40 32 34 40 33  32 00 76 34 30 40 30 3A  | @16@24@32.v40@0:
0000000000239EF1 | 38 40 31 36 71 32 34 40  33 32 00 76 32 38 40 30  | 8@16q24@32.v28@0
0000000000239F01 | 3A 38 40 31 36 69 32 34  00 76 34 30 40 30 3A 38  | :8@16i24.v40@0:8
0000000000239F11 | 40 22 43 4C 4C 6F 63 61  74 69 6F 6E 4D 61 6E 61  | @"CLLocationMana
0000000000239F21 | 67 65 72 22 31 36 40 22  43 4C 4C 6F 63 61 74 69  | ger"16@"CLLocati
0000000000239F31 | 6F 6E 22 32 34 40 22 43  4C 4C 6F 63 61 74 69 6F  | on"24@"CLLocatio
0000000000239F41 | 6E 22 33 32 00 76 33 32  40 30 3A 38 40 22 43 4C  | n"32.v32@0:8@"CL
0000000000239F51 | 4C 6F 63 61 74 69 6F 6E  4D 61 6E 61 67 65 72 22  | LocationManager"
0000000000239F61 | 31 36 40 22 4E 53 41 72  72 61 79 22 32 34 00 76  | 16@"NSArray"24.v
0000000000239F71 | 33 32 40 30 3A 38 40 22  43 4C 4C 6F 63 61 74 69  | 32@0:8@"CLLocati
0000000000239F81 | 6F 6E 4D 61 6E 61 67 65  72 22 31 36 40 22 43 4C  | onManager"16@"CL
0000000000239F91 | 48 65 61 64 69 6E 67 22  32 34 00 42 32 34 40 30  | Heading"24.B24@0
0000000000239FA1 | 3A 38 40 22 43 4C 4C 6F  63 61 74 69 6F 6E 4D 61  | :8@"CLLocationMa
0000000000239FB1 | 6E 61 67 65 72 22 31 36  00 76 34 30 40 30 3A 38  | nager"16.v40@0:8
0000000000239FC1 | 40 22 43 4C 4C 6F 63 61  74 69 6F 6E 4D 61 6E 61  | @"CLLocationMana
0000000000239FD1 | 67 65 72 22 31 36 71 32  34 40 22 43 4C 52 65 67  | ger"16q24@"CLReg
0000000000239FE1 | 69 6F 6E 22 33 32 00 76  34 30 40 30 3A 38 40 22  | ion"32.v40@0:8@"
0000000000239FF1 | 43 4C 4C 6F 63 61 74 69  6F 6E 4D 61 6E 61 67 65  | CLLocationManage
000000000023A001 | 72 22 31 36 40 22 4E 53  41 72 72 61 79 22 32 34  | r"16@"NSArray"24
000000000023A011 | 40 22 43 4C 42 65 61 63  6F 6E 52 65 67 69 6F 6E  | @"CLBeaconRegion
000000000023A021 | 22 33 32 00 76 34 30 40  30 3A 38 40 22 43 4C 4C  | "32.v40@0:8@"CLL
000000000023A031 | 6F 63 61 74 69 6F 6E 4D  61 6E 61 67 65 72 22 31  | ocationManager"1
000000000023A041 | 36 40 22 43 4C 42 65 61  63 6F 6E 52 65 67 69 6F  | 6@"CLBeaconRegio
000000000023A051 | 6E 22 32 34 40 22 4E 53  45 72 72 6F 72 22 33 32  | n"24@"NSError"32
000000000023A061 | 00 76 34 30 40 30 3A 38  40 22 43 4C 4C 6F 63 61  | .v40@0:8@"CLLoca
000000000023A071 | 74 69 6F 6E 4D 61 6E 61  67 65 72 22 31 36 40 22  | tionManager"16@"
000000000023A081 | 4E 53 41 72 72 61 79 22  32 34 40 22 43 4C 42 65  | NSArray"24@"CLBe
000000000023A091 | 61 63 6F 6E 49 64 65 6E  74 69 74 79 43 6F 6E 73  | aconIdentityCons
000000000023A0A1 | 74 72 61 69 6E 74 22 33  32 00 76 34 30 40 30 3A  | traint"32.v40@0:
000000000023A0B1 | 38 40 22 43 4C 4C 6F 63  61 74 69 6F 6E 4D 61 6E  | 8@"CLLocationMan
000000000023A0C1 | 61 67 65 72 22 31 36 40  22 43 4C 42 65 61 63 6F  | ager"16@"CLBeaco
000000000023A0D1 | 6E 49 64 65 6E 74 69 74  79 43 6F 6E 73 74 72 61  | nIdentityConstra
000000000023A0E1 | 69 6E 74 22 32 34 40 22  4E 53 45 72 72 6F 72 22  | int"24@"NSError"
000000000023A0F1 | 33 32 00 76 33 32 40 30  3A 38 40 22 43 4C 4C 6F  | 32.v32@0:8@"CLLo
000000000023A101 | 63 61 74 69 6F 6E 4D 61  6E 61 67 65 72 22 31 36  | cationManager"16
000000000023A111 | 40 22 43 4C 52 65 67 69  6F 6E 22 32 34 00 76 33  | @"CLRegion"24.v3
000000000023A121 | 32 40 30 3A 38 40 22 43  4C 4C 6F 63 61 74 69 6F  | 2@0:8@"CLLocatio
000000000023A131 | 6E 4D 61 6E 61 67 65 72  22 31 36 40 22 4E 53 45  | nManager"16@"NSE
000000000023A141 | 72 72 6F 72 22 32 34 00  76 34 30 40 30 3A 38 40  | rror"24.v40@0:8@
000000000023A151 | 22 43 4C 4C 6F 63 61 74  69 6F 6E 4D 61 6E 61 67  | "CLLocationManag
000000000023A161 | 65 72 22 31 36 40 22 43  4C 52 65 67 69 6F 6E 22  | er"16@"CLRegion"
000000000023A171 | 32 34 40 22 4E 53 45 72  72 6F 72 22 33 32 00 76  | 24@"NSError"32.v
000000000023A181 | 32 38 40 30 3A 38 40 22  43 4C 4C 6F 63 61 74 69  | 28@0:8@"CLLocati
000000000023A191 | 6F 6E 4D 61 6E 61 67 65  72 22 31 36 69 32 34 00  | onManager"16i24.
000000000023A1A1 | 76 32 34 40 30 3A 38 40  22 43 4C 4C 6F 63 61 74  | v24@0:8@"CLLocat
000000000023A1B1 | 69 6F 6E 4D 61 6E 61 67  65 72 22 31 36 00 76 33  | ionManager"16.v3
000000000023A1C1 | 32 40 30 3A 38 40 22 43  4C 4C 6F 63 61 74 69 6F  | 2@0:8@"CLLocatio
000000000023A1D1 | 6E 4D 61 6E 61 67 65 72  22 31 36 40 22 43 4C 56  | nManager"16@"CLV
000000000023A1E1 | 69 73 69 74 22 32 34 00  42 33 32 40 30 3A 38 40  | isit"24.B32@0:8@
000000000023A1F1 | 31 36 40 32 34 00 42 34  38 40 30 3A 38 40 31 36  | 16@24.B48@0:8@16
000000000023A201 | 40 32 34 40 33 32 40 34  30 00 76 34 30 40 30 3A  | @24@32@40.v40@0:
000000000023A211 | 38 40 31 36 71 32 34 64  33 32 00 76 33 32 40 30  | 8@16q24d32.v32@0
000000000023A221 | 3A 38 40 31 36 71 32 34  00 76 35 36 40 30 3A 38  | :8@16q24.v56@0:8
000000000023A231 | 40 31 36 7B 43 47 52 65  63 74 3D 7B 43 47 50 6F  | @16{CGRect={CGPo
000000000023A241 | 69 6E 74 3D 64 64 7D 7B  43 47 53 69 7A 65 3D 64  | int=dd}{CGSize=d
000000000023A251 | 64 7D 7D 32 34 00 76 34  38 40 30 3A 38 40 31 36  | d}}24.v48@0:8@16
000000000023A261 | 40 32 34 40 33 32 40 3F  34 30 00 76 35 36 40 30  | @24@32@?40.v56@0
000000000023A271 | 3A 38 40 31 36 40 32 34  40 33 32 40 34 30 40 3F  | :8@16@24@32@40@?
000000000023A281 | 34 38 00 76 34 30 40 30  3A 38 40 31 36 40 32 34  | 48.v40@0:8@16@24
000000000023A291 | 40 3F 33 32 00 76 33 32  40 30 3A 38 40 31 36 40  | @?32.v32@0:8@16@
000000000023A2A1 | 3F 32 34 00 51 33 32 40  30 3A 38 40 31 36 40 32  | ?24.Q32@0:8@16@2
000000000023A2B1 | 34 00 42 34 30 40 30 3A  38 40 31 36 40 32 34 40  | 4.B40@0:8@16@24@
000000000023A2C1 | 3F 33 32 00 76 32 34 40  30 3A 38 40 22 55 49 41  | ?32.v24@0:8@"UIA
000000000023A2D1 | 70 70 6C 69 63 61 74 69  6F 6E 22 31 36 00 42 33  | pplication"16.B3
000000000023A2E1 | 32 40 30 3A 38 40 22 55  49 41 70 70 6C 69 63 61  | 2@0:8@"UIApplica
000000000023A2F1 | 74 69 6F 6E 22 31 36 40  22 4E 53 44 69 63 74 69  | tion"16@"NSDicti
000000000023A301 | 6F 6E 61 72 79 22 32 34  00 42 33 32 40 30 3A 38  | onary"24.B32@0:8
000000000023A311 | 40 22 55 49 41 70 70 6C  69 63 61 74 69 6F 6E 22  | @"UIApplication"
000000000023A321 | 31 36 40 22 4E 53 55 52  4C 22 32 34 00 42 34 38  | 16@"NSURL"24.B48
000000000023A331 | 40 30 3A 38 40 22 55 49  41 70 70 6C 69 63 61 74  | @0:8@"UIApplicat
000000000023A341 | 69 6F 6E 22 31 36 40 22  4E 53 55 52 4C 22 32 34  | ion"16@"NSURL"24
000000000023A351 | 40 22 4E 53 53 74 72 69  6E 67 22 33 32 40 34 30  | @"NSString"32@40
000000000023A361 | 00 42 34 30 40 30 3A 38  40 22 55 49 41 70 70 6C  | .B40@0:8@"UIAppl
000000000023A371 | 69 63 61 74 69 6F 6E 22  31 36 40 22 4E 53 55 52  | ication"16@"NSUR
000000000023A381 | 4C 22 32 34 40 22 4E 53  44 69 63 74 69 6F 6E 61  | L"24@"NSDictiona
000000000023A391 | 72 79 22 33 32 00 76 34  30 40 30 3A 38 40 22 55  | ry"32.v40@0:8@"U
000000000023A3A1 | 49 41 70 70 6C 69 63 61  74 69 6F 6E 22 31 36 71  | IApplication"16q
000000000023A3B1 | 32 34 64 33 32 00 76 33  32 40 30 3A 38 40 22 55  | 24d32.v32@0:8@"U
000000000023A3C1 | 49 41 70 70 6C 69 63 61  74 69 6F 6E 22 31 36 71  | IApplication"16q
000000000023A3D1 | 32 34 00 76 35 36 40 30  3A 38 40 22 55 49 41 70  | 24.v56@0:8@"UIAp
000000000023A3E1 | 70 6C 69 63 61 74 69 6F  6E 22 31 36 7B 43 47 52  | plication"16{CGR
000000000023A3F1 | 65 63 74 3D 7B 43 47 50  6F 69 6E 74 3D 64 64 7D  | ect={CGPoint=dd}
000000000023A401 | 7B 43 47 53 69 7A 65 3D  64 64 7D 7D 32 34 00 76  | {CGSize=dd}}24.v
000000000023A411 | 33 32 40 30 3A 38 40 22  55 49 41 70 70 6C 69 63  | 32@0:8@"UIApplic
000000000023A421 | 61 74 69 6F 6E 22 31 36  40 22 55 49 55 73 65 72  | ation"16@"UIUser
000000000023A431 | 4E 6F 74 69 66 69 63 61  74 69 6F 6E 53 65 74 74  | NotificationSett
000000000023A441 | 69 6E 67 73 22 32 34 00  76 33 32 40 30 3A 38 40  | ings"24.v32@0:8@
000000000023A451 | 22 55 49 41 70 70 6C 69  63 61 74 69 6F 6E 22 31  | "UIApplication"1
000000000023A461 | 36 40 22 4E 53 44 61 74  61 22 32 34 00 76 33 32  | 6@"NSData"24.v32
000000000023A471 | 40 30 3A 38 40 22 55 49  41 70 70 6C 69 63 61 74  | @0:8@"UIApplicat
000000000023A481 | 69 6F 6E 22 31 36 40 22  4E 53 45 72 72 6F 72 22  | ion"16@"NSError"
000000000023A491 | 32 34 00 76 33 32 40 30  3A 38 40 22 55 49 41 70  | 24.v32@0:8@"UIAp
000000000023A4A1 | 70 6C 69 63 61 74 69 6F  6E 22 31 36 40 22 4E 53  | plication"16@"NS
000000000023A4B1 | 44 69 63 74 69 6F 6E 61  72 79 22 32 34 00 76 33  | Dictionary"24.v3
000000000023A4C1 | 32 40 30 3A 38 40 22 55  49 41 70 70 6C 69 63 61  | 2@0:8@"UIApplica
000000000023A4D1 | 74 69 6F 6E 22 31 36 40  22 55 49 4C 6F 63 61 6C  | tion"16@"UILocal
000000000023A4E1 | 4E 6F 74 69 66 69 63 61  74 69 6F 6E 22 32 34 00  | Notification"24.
000000000023A4F1 | 76 34 38 40 30 3A 38 40  22 55 49 41 70 70 6C 69  | v48@0:8@"UIAppli
000000000023A501 | 63 61 74 69 6F 6E 22 31  36 40 22 4E 53 53 74 72  | cation"16@"NSStr
000000000023A511 | 69 6E 67 22 32 34 40 22  55 49 4C 6F 63 61 6C 4E  | ing"24@"UILocalN
000000000023A521 | 6F 74 69 66 69 63 61 74  69 6F 6E 22 33 32 40 3F  | otification"32@?
000000000023A531 | 3C 76 40 3F 3E 34 30 00  76 35 36 40 30 3A 38 40  | <v@?>40.v56@0:8@
000000000023A541 | 22 55 49 41 70 70 6C 69  63 61 74 69 6F 6E 22 31  | "UIApplication"1
000000000023A551 | 36 40 22 4E 53 53 74 72  69 6E 67 22 32 34 40 22  | 6@"NSString"24@"
000000000023A561 | 4E 53 44 69 63 74 69 6F  6E 61 72 79 22 33 32 40  | NSDictionary"32@
000000000023A571 | 22 4E 53 44 69 63 74 69  6F 6E 61 72 79 22 34 30  | "NSDictionary"40
000000000023A581 | 40 3F 3C 76 40 3F 3E 34  38 00 76 34 38 40 30 3A  | @?<v@?>48.v48@0:
000000000023A591 | 38 40 22 55 49 41 70 70  6C 69 63 61 74 69 6F 6E  | 8@"UIApplication
000000000023A5A1 | 22 31 36 40 22 4E 53 53  74 72 69 6E 67 22 32 34  | "16@"NSString"24
000000000023A5B1 | 40 22 4E 53 44 69 63 74  69 6F 6E 61 72 79 22 33  | @"NSDictionary"3
000000000023A5C1 | 32 40 3F 3C 76 40 3F 3E  34 30 00 76 35 36 40 30  | 2@?<v@?>40.v56@0
000000000023A5D1 | 3A 38 40 22 55 49 41 70  70 6C 69 63 61 74 69 6F  | :8@"UIApplicatio
000000000023A5E1 | 6E 22 31 36 40 22 4E 53  53 74 72 69 6E 67 22 32  | n"16@"NSString"2
000000000023A5F1 | 34 40 22 55 49 4C 6F 63  61 6C 4E 6F 74 69 66 69  | 4@"UILocalNotifi
000000000023A601 | 63 61 74 69 6F 6E 22 33  32 40 22 4E 53 44 69 63  | cation"32@"NSDic
000000000023A611 | 74 69 6F 6E 61 72 79 22  34 30 40 3F 3C 76 40 3F  | tionary"40@?<v@?
000000000023A621 | 3E 34 38 00 76 34 30 40  30 3A 38 40 22 55 49 41  | >48.v40@0:8@"UIA
000000000023A631 | 70 70 6C 69 63 61 74 69  6F 6E 22 31 36 40 22 4E  | pplication"16@"N
000000000023A641 | 53 44 69 63 74 69 6F 6E  61 72 79 22 32 34 40 3F  | SDictionary"24@?
000000000023A651 | 3C 76 40 3F 51 3E 33 32  00 76 33 32 40 30 3A 38  | <v@?Q>32.v32@0:8
000000000023A661 | 40 22 55 49 41 70 70 6C  69 63 61 74 69 6F 6E 22  | @"UIApplication"
000000000023A671 | 31 36 40 3F 3C 76 40 3F  51 3E 32 34 00 76 34 30  | 16@?<v@?Q>24.v40
000000000023A681 | 40 30 3A 38 40 22 55 49  41 70 70 6C 69 63 61 74  | @0:8@"UIApplicat
000000000023A691 | 69 6F 6E 22 31 36 40 22  55 49 41 70 70 6C 69 63  | ion"16@"UIApplic
000000000023A6A1 | 61 74 69 6F 6E 53 68 6F  72 74 63 75 74 49 74 65  | ationShortcutIte
000000000023A6B1 | 6D 22 32 34 40 3F 3C 76  40 3F 42 3E 33 32 00 76  | m"24@?<v@?B>32.v
000000000023A6C1 | 34 30 40 30 3A 38 40 22  55 49 41 70 70 6C 69 63  | 40@0:8@"UIApplic
000000000023A6D1 | 61 74 69 6F 6E 22 31 36  40 22 4E 53 53 74 72 69  | ation"16@"NSStri
000000000023A6E1 | 6E 67 22 32 34 40 3F 3C  76 40 3F 3E 33 32 00 76  | ng"24@?<v@?>32.v
000000000023A6F1 | 34 30 40 30 3A 38 40 22  55 49 41 70 70 6C 69 63  | 40@0:8@"UIApplic
000000000023A701 | 61 74 69 6F 6E 22 31 36  40 22 4E 53 44 69 63 74  | ation"16@"NSDict
000000000023A711 | 69 6F 6E 61 72 79 22 32  34 40 3F 3C 76 40 3F 40  | ionary"24@?<v@?@
000000000023A721 | 22 4E 53 44 69 63 74 69  6F 6E 61 72 79 22 3E 33  | "NSDictionary">3
000000000023A731 | 32 00 40 33 32 40 30 3A  38 40 22 55 49 41 70 70  | 2.@32@0:8@"UIApp
000000000023A741 | 6C 69 63 61 74 69 6F 6E  22 31 36 40 22 49 4E 49  | lication"16@"INI
000000000023A751 | 6E 74 65 6E 74 22 32 34  00 76 34 30 40 30 3A 38  | ntent"24.v40@0:8
000000000023A761 | 40 22 55 49 41 70 70 6C  69 63 61 74 69 6F 6E 22  | @"UIApplication"
000000000023A771 | 31 36 40 22 49 4E 49 6E  74 65 6E 74 22 32 34 40  | 16@"INIntent"24@
000000000023A781 | 3F 3C 76 40 3F 40 22 49  4E 49 6E 74 65 6E 74 52  | ?<v@?@"INIntentR
000000000023A791 | 65 73 70 6F 6E 73 65 22  3E 33 32 00 51 33 32 40  | esponse">32.Q32@
000000000023A7A1 | 30 3A 38 40 22 55 49 41  70 70 6C 69 63 61 74 69  | 0:8@"UIApplicati
000000000023A7B1 | 6F 6E 22 31 36 40 22 55  49 57 69 6E 64 6F 77 22  | on"16@"UIWindow"
000000000023A7C1 | 32 34 00 42 33 32 40 30  3A 38 40 22 55 49 41 70  | 24.B32@0:8@"UIAp
000000000023A7D1 | 70 6C 69 63 61 74 69 6F  6E 22 31 36 40 22 4E 53  | plication"16@"NS
000000000023A7E1 | 53 74 72 69 6E 67 22 32  34 00 40 22 55 49 56 69  | String"24.@"UIVi
000000000023A7F1 | 65 77 43 6F 6E 74 72 6F  6C 6C 65 72 22 34 30 40  | ewController"40@
000000000023A801 | 30 3A 38 40 22 55 49 41  70 70 6C 69 63 61 74 69  | 0:8@"UIApplicati
000000000023A811 | 6F 6E 22 31 36 40 22 4E  53 41 72 72 61 79 22 32  | on"16@"NSArray"2
000000000023A821 | 34 40 22 4E 53 43 6F 64  65 72 22 33 32 00 42 33  | 4@"NSCoder"32.B3
000000000023A831 | 32 40 30 3A 38 40 22 55  49 41 70 70 6C 69 63 61  | 2@0:8@"UIApplica
000000000023A841 | 74 69 6F 6E 22 31 36 40  22 4E 53 43 6F 64 65 72  | tion"16@"NSCoder
000000000023A851 | 22 32 34 00 76 33 32 40  30 3A 38 40 22 55 49 41  | "24.v32@0:8@"UIA
000000000023A861 | 70 70 6C 69 63 61 74 69  6F 6E 22 31 36 40 22 4E  | pplication"16@"N
000000000023A871 | 53 43 6F 64 65 72 22 32  34 00 42 34 30 40 30 3A  | SCoder"24.B40@0:
000000000023A881 | 38 40 22 55 49 41 70 70  6C 69 63 61 74 69 6F 6E  | 8@"UIApplication
000000000023A891 | 22 31 36 40 22 4E 53 55  73 65 72 41 63 74 69 76  | "16@"NSUserActiv
000000000023A8A1 | 69 74 79 22 32 34 40 3F  3C 76 40 3F 40 22 4E 53  | ity"24@?<v@?@"NS
000000000023A8B1 | 41 72 72 61 79 22 3E 33  32 00 76 34 30 40 30 3A  | Array">32.v40@0:
000000000023A8C1 | 38 40 22 55 49 41 70 70  6C 69 63 61 74 69 6F 6E  | 8@"UIApplication
000000000023A8D1 | 22 31 36 40 22 4E 53 53  74 72 69 6E 67 22 32 34  | "16@"NSString"24
000000000023A8E1 | 40 22 4E 53 45 72 72 6F  72 22 33 32 00 76 33 32  | @"NSError"32.v32
000000000023A8F1 | 40 30 3A 38 40 22 55 49  41 70 70 6C 69 63 61 74  | @0:8@"UIApplicat
000000000023A901 | 69 6F 6E 22 31 36 40 22  4E 53 55 73 65 72 41 63  | ion"16@"NSUserAc
000000000023A911 | 74 69 76 69 74 79 22 32  34 00 76 33 32 40 30 3A  | tivity"24.v32@0:
000000000023A921 | 38 40 22 55 49 41 70 70  6C 69 63 61 74 69 6F 6E  | 8@"UIApplication
000000000023A931 | 22 31 36 40 22 43 4B 53  68 61 72 65 4D 65 74 61  | "16@"CKShareMeta
000000000023A941 | 64 61 74 61 22 32 34 00  40 22 55 49 53 63 65 6E  | data"24.@"UIScen
000000000023A951 | 65 43 6F 6E 66 69 67 75  72 61 74 69 6F 6E 22 34  | eConfiguration"4
000000000023A961 | 30 40 30 3A 38 40 22 55  49 41 70 70 6C 69 63 61  | 0@0:8@"UIApplica
000000000023A971 | 74 69 6F 6E 22 31 36 40  22 55 49 53 63 65 6E 65  | tion"16@"UIScene
000000000023A981 | 53 65 73 73 69 6F 6E 22  32 34 40 22 55 49 53 63  | Session"24@"UISc
000000000023A991 | 65 6E 65 43 6F 6E 6E 65  63 74 69 6F 6E 4F 70 74  | eneConnectionOpt
000000000023A9A1 | 69 6F 6E 73 22 33 32 00  76 33 32 40 30 3A 38 40  | ions"32.v32@0:8@
000000000023A9B1 | 22 55 49 41 70 70 6C 69  63 61 74 69 6F 6E 22 31  | "UIApplication"1
000000000023A9C1 | 36 40 22 4E 53 53 65 74  22 32 34 00 40 22 55 49  | 6@"NSSet"24.@"UI
000000000023A9D1 | 57 69 6E 64 6F 77 22 31  36 40 30 3A 38 00 76 32  | Window"16@0:8.v2
000000000023A9E1 | 34 40 30 3A 38 40 22 55  49 57 69 6E 64 6F 77 22  | 4@0:8@"UIWindow"
000000000023A9F1 | 31 36 00 76 33 32 40 30  3A 38 40 22 4E 53 55 52  | 16.v32@0:8@"NSUR
000000000023AA01 | 4C 43 6F 6E 6E 65 63 74  69 6F 6E 22 31 36 40 22  | LConnection"16@"
000000000023AA11 | 4E 53 45 72 72 6F 72 22  32 34 00 42 32 34 40 30  | NSError"24.B24@0
000000000023AA21 | 3A 38 40 22 4E 53 55 52  4C 43 6F 6E 6E 65 63 74  | :8@"NSURLConnect
000000000023AA31 | 69 6F 6E 22 31 36 00 76  33 32 40 30 3A 38 40 22  | ion"16.v32@0:8@"
000000000023AA41 | 4E 53 55 52 4C 43 6F 6E  6E 65 63 74 69 6F 6E 22  | NSURLConnection"
000000000023AA51 | 31 36 40 22 4E 53 55 52  4C 41 75 74 68 65 6E 74  | 16@"NSURLAuthent
000000000023AA61 | 69 63 61 74 69 6F 6E 43  68 61 6C 6C 65 6E 67 65  | icationChallenge
000000000023AA71 | 22 32 34 00 42 33 32 40  30 3A 38 40 22 4E 53 55  | "24.B32@0:8@"NSU
000000000023AA81 | 52 4C 43 6F 6E 6E 65 63  74 69 6F 6E 22 31 36 40  | RLConnection"16@
000000000023AA91 | 22 4E 53 55 52 4C 50 72  6F 74 65 63 74 69 6F 6E  | "NSURLProtection
000000000023AAA1 | 53 70 61 63 65 22 32 34  00 76 34 38 40 30 3A 38  | Space"24.v48@0:8
000000000023AAB1 | 40 31 36 71 32 34 71 33  32 71 34 30 00 40 22 4E  | @16q24q32q40.@"N
000000000023AAC1 | 53 55 52 4C 52 65 71 75  65 73 74 22 34 30 40 30  | SURLRequest"40@0
000000000023AAD1 | 3A 38 40 22 4E 53 55 52  4C 43 6F 6E 6E 65 63 74  | :8@"NSURLConnect
000000000023AAE1 | 69 6F 6E 22 31 36 40 22  4E 53 55 52 4C 52 65 71  | ion"16@"NSURLReq
000000000023AAF1 | 75 65 73 74 22 32 34 40  22 4E 53 55 52 4C 52 65  | uest"24@"NSURLRe
000000000023AB01 | 73 70 6F 6E 73 65 22 33  32 00 76 33 32 40 30 3A  | sponse"32.v32@0:
000000000023AB11 | 38 40 22 4E 53 55 52 4C  43 6F 6E 6E 65 63 74 69  | 8@"NSURLConnecti
000000000023AB21 | 6F 6E 22 31 36 40 22 4E  53 55 52 4C 52 65 73 70  | on"16@"NSURLResp
000000000023AB31 | 6F 6E 73 65 22 32 34 00  76 33 32 40 30 3A 38 40  | onse"24.v32@0:8@
000000000023AB41 | 22 4E 53 55 52 4C 43 6F  6E 6E 65 63 74 69 6F 6E  | "NSURLConnection
000000000023AB51 | 22 31 36 40 22 4E 53 44  61 74 61 22 32 34 00 40  | "16@"NSData"24.@
000000000023AB61 | 22 4E 53 49 6E 70 75 74  53 74 72 65 61 6D 22 33  | "NSInputStream"3
000000000023AB71 | 32 40 30 3A 38 40 22 4E  53 55 52 4C 43 6F 6E 6E  | 2@0:8@"NSURLConn
000000000023AB81 | 65 63 74 69 6F 6E 22 31  36 40 22 4E 53 55 52 4C  | ection"16@"NSURL
000000000023AB91 | 52 65 71 75 65 73 74 22  32 34 00 76 34 38 40 30  | Request"24.v48@0
000000000023ABA1 | 3A 38 40 22 4E 53 55 52  4C 43 6F 6E 6E 65 63 74  | :8@"NSURLConnect
000000000023ABB1 | 69 6F 6E 22 31 36 71 32  34 71 33 32 71 34 30 00  | ion"16q24q32q40.
000000000023ABC1 | 40 22 4E 53 43 61 63 68  65 64 55 52 4C 52 65 73  | @"NSCachedURLRes
000000000023ABD1 | 70 6F 6E 73 65 22 33 32  40 30 3A 38 40 22 4E 53  | ponse"32@0:8@"NS
000000000023ABE1 | 55 52 4C 43 6F 6E 6E 65  63 74 69 6F 6E 22 31 36  | URLConnection"16
000000000023ABF1 | 40 22 4E 53 43 61 63 68  65 64 55 52 4C 52 65 73  | @"NSCachedURLRes
000000000023AC01 | 70 6F 6E 73 65 22 32 34  00 76 32 34 40 30 3A 38  | ponse"24.v24@0:8
000000000023AC11 | 40 22 4E 53 55 52 4C 43  6F 6E 6E 65 63 74 69 6F  | @"NSURLConnectio
000000000023AC21 | 6E 22 31 36 00 76 33 36  40 30 3A 38 40 31 36 40  | n"16.v36@0:8@16@
000000000023AC31 | 32 34 53 33 32 00 76 34  30 40 30 3A 38 40 31 36  | 24S32.v40@0:8@16
000000000023AC41 | 40 32 34 71 33 32 00 76  34 30 40 30 3A 38 40 31  | @24q32.v40@0:8@1
000000000023AC51 | 36 51 32 34 71 33 32 00  64 34 38 40 30 3A 38 40  | 6Q24q32.d48@0:8@
000000000023AC61 | 31 36 71 32 34 64 33 32  51 34 30 00 76 34 30 40  | 16q24d32Q40.v40@
000000000023AC71 | 30 3A 38 40 31 36 5E 7B  5F 5F 53 65 63 54 72 75  | 0:8@16^{__SecTru
000000000023AC81 | 73 74 3D 7D 32 34 40 3F  33 32 00 40 22 4E 53 4F  | st=}24@?32.@"NSO
000000000023AC91 | 62 6A 65 63 74 3C 4F 53  5F 64 69 73 70 61 74 63  | bject<OS_dispatc
000000000023ACA1 | 68 5F 71 75 65 75 65 3E  22 33 32 40 30 3A 38 40  | h_queue>"32@0:8@
000000000023ACB1 | 22 4E 53 44 61 74 61 22  31 36 40 22 7A 37 63 30  | "NSData"16@"z7c0
000000000023ACC1 | 47 50 66 64 22 32 34 00  76 33 32 40 30 3A 38 40  | GPfd"24.v32@0:8@
000000000023ACD1 | 22 7A 37 63 30 47 50 66  64 22 31 36 40 22 7A 37  | "z7c0GPfd"16@"z7
000000000023ACE1 | 63 30 47 50 66 64 22 32  34 00 76 33 36 40 30 3A  | c0GPfd"24.v36@0:
000000000023ACF1 | 38 40 22 7A 37 63 30 47  50 66 64 22 31 36 40 22  | 8@"z7c0GPfd"16@"
000000000023AD01 | 4E 53 53 74 72 69 6E 67  22 32 34 53 33 32 00 76  | NSString"24S32.v
000000000023AD11 | 33 32 40 30 3A 38 40 22  7A 37 63 30 47 50 66 64  | 32@0:8@"z7c0GPfd
000000000023AD21 | 22 31 36 40 22 4E 53 55  52 4C 22 32 34 00 76 34  | "16@"NSURL"24.v4
000000000023AD31 | 30 40 30 3A 38 40 22 7A  37 63 30 47 50 66 64 22  | 0@0:8@"z7c0GPfd"
000000000023AD41 | 31 36 40 22 4E 53 44 61  74 61 22 32 34 71 33 32  | 16@"NSData"24q32
000000000023AD51 | 00 76 34 30 40 30 3A 38  40 22 7A 37 63 30 47 50  | .v40@0:8@"z7c0GP
000000000023AD61 | 66 64 22 31 36 51 32 34  71 33 32 00 76 33 32 40  | fd"16Q24q32.v32@
000000000023AD71 | 30 3A 38 40 22 7A 37 63  30 47 50 66 64 22 31 36  | 0:8@"z7c0GPfd"16
000000000023AD81 | 71 32 34 00 64 34 38 40  30 3A 38 40 22 7A 37 63  | q24.d48@0:8@"z7c
000000000023AD91 | 30 47 50 66 64 22 31 36  71 32 34 64 33 32 51 34  | 0GPfd"16q24d32Q4
000000000023ADA1 | 30 00 76 32 34 40 30 3A  38 40 22 7A 37 63 30 47  | 0.v24@0:8@"z7c0G
000000000023ADB1 | 50 66 64 22 31 36 00 76  33 32 40 30 3A 38 40 22  | Pfd"16.v32@0:8@"
000000000023ADC1 | 7A 37 63 30 47 50 66 64  22 31 36 40 22 4E 53 45  | z7c0GPfd"16@"NSE
000000000023ADD1 | 72 72 6F 72 22 32 34 00  76 34 30 40 30 3A 38 40  | rror"24.v40@0:8@
000000000023ADE1 | 22 7A 37 63 30 47 50 66  64 22 31 36 5E 7B 5F 5F  | "z7c0GPfd"16^{__
000000000023ADF1 | 53 65 63 54 72 75 73 74  3D 7D 32 34 40 3F 3C 76  | SecTrust=}24@?<v
000000000023AE01 | 40 3F 42 3E 33 32 00 76  34 38 40 30 3A 38 40 31  | @?B>32.v48@0:8@1
000000000023AE11 | 36 40 32 34 40 3F 33 32  40 3F 34 30 00 40 22 7A  | 6@24@?32@?40.@"z
000000000023AE21 | 37 63 30 47 50 66 64 22  00 40 22 4E 53 55 52 4C  | 7c0GPfd".@"NSURL
000000000023AE31 | 43 6F 6E 6E 65 63 74 69  6F 6E 22 00 40 32 30 40  | Connection".@20@
000000000023AE41 | 30 3A 38 49 31 36 00 76  33 32 40 30 3A 38 40 31  | 0:8I16.v32@0:8@1
000000000023AE51 | 36 23 32 34 00 40 32 34  40 30 3A 38 23 31 36 00  | 6#24.@24@0:8#16.
000000000023AE61 | 40 33 32 40 30 3A 38 72  2A 31 36 40 32 34 00 42  | @32@0:8r*16@24.B
000000000023AE71 | 35 32 40 30 3A 38 40 31  36 40 32 34 42 33 32 5E  | 52@0:8@16@24B32^
000000000023AE81 | 40 33 36 5E 40 34 34 00  40 32 38 40 30 3A 38 40  | @36^@44.@28@0:8@
000000000023AE91 | 31 36 42 32 34 00 40 32  34 40 30 3A 38 72 2A 31  | 16B24.@24@0:8r*1
000000000023AEA1 | 36 00 2A 32 34 40 30 3A  38 40 31 36 00 00 00     | 6.*24@0:8@16...
