# Memory dump: 0x244f68 - 0x246660
# Segment: __objc_selrefs
#============================================================================

# Address        | Hex Bytes                                       | ASCII
#----------------------------------------------------------------------------
0000000000244F68 | 44 98 22 00 00 00 00 00  C2 91 22 00 00 00 00 00  | D.".......".....
0000000000244F78 | 5A 98 22 00 00 00 00 00  F1 91 22 00 00 00 00 00  | Z.".......".....
0000000000244F88 | 83 98 22 00 00 00 00 00  1A 92 22 00 00 00 00 00  | ..".......".....
0000000000244F98 | AC 98 22 00 00 00 00 00  DD 98 22 00 00 00 00 00  | ..".......".....
0000000000244FA8 | 9D 92 22 00 00 00 00 00  DE 92 22 00 00 00 00 00  | ..".......".....
0000000000244FB8 | 3F 99 22 00 00 00 00 00  7D 99 22 00 00 00 00 00  | ?.".....}.".....
0000000000244FC8 | 40 93 22 00 00 00 00 00  6A 93 22 00 00 00 00 00  | @.".....j.".....
0000000000244FD8 | 10 9A 22 00 00 00 00 00  93 93 22 00 00 00 00 00  | ..".......".....
0000000000244FE8 | 51 9A 22 00 00 00 00 00  C4 93 22 00 00 00 00 00  | Q.".......".....
0000000000244FF8 | FD 93 22 00 00 00 00 00  3E 94 22 00 00 00 00 00  | ..".....>.".....
0000000000245008 | EE 9A 22 00 00 00 00 00  E3 A4 22 00 00 00 00 00  | ..".......".....
0000000000245018 | 88 A5 22 00 00 00 00 00  ED 91 22 00 00 00 00 00  | ..".......".....
0000000000245028 | A9 A5 22 00 00 00 00 00  B8 A5 22 00 00 00 00 00  | ..".......".....
0000000000245038 | C3 A5 22 00 00 00 00 00  E4 A5 22 00 00 00 00 00  | ..".......".....
0000000000245048 | 05 A6 22 00 00 00 00 00  33 AB 22 00 00 00 00 00  | ..".....3.".....
0000000000245058 | 74 AB 22 00 00 00 00 00  D3 AB 22 00 00 00 00 00  | t.".......".....
0000000000245068 | 83 AC 22 00 00 00 00 00  F5 AC 22 00 00 00 00 00  | ..".......".....
0000000000245078 | 1B AD 22 00 00 00 00 00  23 AE 22 00 00 00 00 00  | ..".....#.".....
0000000000245088 | 2D AE 22 00 00 00 00 00  6E AE 22 00 00 00 00 00  | -.".....n.".....
0000000000245098 | 8F AE 22 00 00 00 00 00  9E AE 22 00 00 00 00 00  | ..".......".....
00000000002450A8 | AB AE 22 00 00 00 00 00  C4 AE 22 00 00 00 00 00  | ..".......".....
00000000002450B8 | DD AE 22 00 00 00 00 00  F8 AE 22 00 00 00 00 00  | ..".......".....
00000000002450C8 | 14 AF 22 00 00 00 00 00  33 AF 22 00 00 00 00 00  | ..".....3.".....
00000000002450D8 | 48 AF 22 00 00 00 00 00  53 AF 22 00 00 00 00 00  | H.".....S.".....
00000000002450E8 | 6B AF 22 00 00 00 00 00  7D AF 22 00 00 00 00 00  | k.".....}.".....
00000000002450F8 | 9B AF 22 00 00 00 00 00  A4 AF 22 00 00 00 00 00  | ..".......".....
0000000000245108 | B3 AF 22 00 00 00 00 00  BE AF 22 00 00 00 00 00  | ..".......".....
0000000000245118 | EA AF 22 00 00 00 00 00  F6 AF 22 00 00 00 00 00  | ..".......".....
0000000000245128 | 13 B0 22 00 00 00 00 00  44 B0 22 00 00 00 00 00  | ..".....D.".....
0000000000245138 | 12 92 22 00 00 00 00 00  53 B0 22 00 00 00 00 00  | ..".....S.".....
0000000000245148 | 5C B0 22 00 00 00 00 00  6A B0 22 00 00 00 00 00  | \.".....j.".....
0000000000245158 | 95 B0 22 00 00 00 00 00  A4 98 22 00 00 00 00 00  | ..".......".....
0000000000245168 | A8 B0 22 00 00 00 00 00  B1 B0 22 00 00 00 00 00  | ..".......".....
0000000000245178 | C5 B0 22 00 00 00 00 00  D1 B0 22 00 00 00 00 00  | ..".......".....
0000000000245188 | DF B0 22 00 00 00 00 00  38 B3 22 00 00 00 00 00  | ..".....8.".....
0000000000245198 | 04 B6 22 00 00 00 00 00  AC B9 22 00 00 00 00 00  | ..".......".....
00000000002451A8 | 18 BA 22 00 00 00 00 00  BD BA 22 00 00 00 00 00  | ..".......".....
00000000002451B8 | CD 98 22 00 00 00 00 00  C3 BA 22 00 00 00 00 00  | ..".......".....
00000000002451C8 | D6 BA 22 00 00 00 00 00  EF BA 22 00 00 00 00 00  | ..".......".....
00000000002451D8 | 00 BB 22 00 00 00 00 00  12 BB 22 00 00 00 00 00  | ..".......".....
00000000002451E8 | 2A BB 22 00 00 00 00 00  35 BB 22 00 00 00 00 00  | *.".....5.".....
00000000002451F8 | 66 BB 22 00 00 00 00 00  75 BB 22 00 00 00 00 00  | f.".....u.".....
0000000000245208 | 84 BB 22 00 00 00 00 00  A0 BB 22 00 00 00 00 00  | ..".......".....
0000000000245218 | B3 BB 22 00 00 00 00 00  7D 92 22 00 00 00 00 00  | ..".....}.".....
0000000000245228 | D1 BB 22 00 00 00 00 00  DE BB 22 00 00 00 00 00  | ..".......".....
0000000000245238 | EB BB 22 00 00 00 00 00  0D BC 22 00 00 00 00 00  | ..".......".....
0000000000245248 | 1A BC 22 00 00 00 00 00  3B BC 22 00 00 00 00 00  | ..".....;.".....
0000000000245258 | 45 BC 22 00 00 00 00 00  4C BC 22 00 00 00 00 00  | E.".....L.".....
0000000000245268 | 61 BC 22 00 00 00 00 00  68 BC 22 00 00 00 00 00  | a.".....h.".....
0000000000245278 | 71 BC 22 00 00 00 00 00  82 BC 22 00 00 00 00 00  | q.".......".....
0000000000245288 | 8D BC 22 00 00 00 00 00  93 BC 22 00 00 00 00 00  | ..".......".....
0000000000245298 | 9C BC 22 00 00 00 00 00  C1 BC 22 00 00 00 00 00  | ..".......".....
00000000002452A8 | D3 BC 22 00 00 00 00 00  DC BC 22 00 00 00 00 00  | ..".......".....
00000000002452B8 | 1F BD 22 00 00 00 00 00  35 BD 22 00 00 00 00 00  | ..".....5.".....
00000000002452C8 | 56 BD 22 00 00 00 00 00  77 BD 22 00 00 00 00 00  | V.".....w.".....
00000000002452D8 | 88 BD 22 00 00 00 00 00  94 BD 22 00 00 00 00 00  | ..".......".....
00000000002452E8 | 9B BD 22 00 00 00 00 00  A7 BD 22 00 00 00 00 00  | ..".......".....
00000000002452F8 | B9 BD 22 00 00 00 00 00  DD BD 22 00 00 00 00 00  | ..".......".....
0000000000245308 | E8 BD 22 00 00 00 00 00  EE BD 22 00 00 00 00 00  | ..".......".....
0000000000245318 | F9 BD 22 00 00 00 00 00  FF BD 22 00 00 00 00 00  | ..".......".....
0000000000245328 | FE 98 22 00 00 00 00 00  0B BE 22 00 00 00 00 00  | ..".......".....
0000000000245338 | 14 BE 22 00 00 00 00 00  1D BE 22 00 00 00 00 00  | ..".......".....
0000000000245348 | 37 BE 22 00 00 00 00 00  5D BE 22 00 00 00 00 00  | 7.".....].".....
0000000000245358 | 7A BE 22 00 00 00 00 00  C0 BE 22 00 00 00 00 00  | z.".......".....
0000000000245368 | DC BE 22 00 00 00 00 00  04 BF 22 00 00 00 00 00  | ..".......".....
0000000000245378 | BE 92 22 00 00 00 00 00  2F 99 22 00 00 00 00 00  | .."...../.".....
0000000000245388 | FF 92 22 00 00 00 00 00  60 C1 22 00 00 00 00 00  | ..".....`.".....
0000000000245398 | 75 99 22 00 00 00 00 00  81 C1 22 00 00 00 00 00  | u.".......".....
00000000002453A8 | 86 C1 22 00 00 00 00 00  8C C1 22 00 00 00 00 00  | ..".......".....
00000000002453B8 | B7 C1 22 00 00 00 00 00  BE C1 22 00 00 00 00 00  | ..".......".....
00000000002453C8 | E4 C1 22 00 00 00 00 00  F2 C1 22 00 00 00 00 00  | ..".......".....
00000000002453D8 | 01 C2 22 00 00 00 00 00  1E C2 22 00 00 00 00 00  | ..".......".....
00000000002453E8 | 38 C2 22 00 00 00 00 00  47 C2 22 00 00 00 00 00  | 8.".....G.".....
00000000002453F8 | 56 C2 22 00 00 00 00 00  64 C2 22 00 00 00 00 00  | V.".....d.".....
0000000000245408 | 8A C2 22 00 00 00 00 00  94 C2 22 00 00 00 00 00  | ..".......".....
0000000000245418 | B0 C2 22 00 00 00 00 00  B9 C2 22 00 00 00 00 00  | ..".......".....
0000000000245428 | BE C2 22 00 00 00 00 00  E5 C2 22 00 00 00 00 00  | ..".......".....
0000000000245438 | 2C C3 22 00 00 00 00 00  4F C3 22 00 00 00 00 00  | ,.".....O.".....
0000000000245448 | 62 C3 22 00 00 00 00 00  78 C3 22 00 00 00 00 00  | b.".....x.".....
0000000000245458 | A1 C3 22 00 00 00 00 00  B3 C3 22 00 00 00 00 00  | ..".......".....
0000000000245468 | 30 93 22 00 00 00 00 00  D5 C3 22 00 00 00 00 00  | 0.".......".....
0000000000245478 | 9F 99 22 00 00 00 00 00  DA C3 22 00 00 00 00 00  | ..".......".....
0000000000245488 | 62 93 22 00 00 00 00 00  0A C4 22 00 00 00 00 00  | b.".......".....
0000000000245498 | 17 C4 22 00 00 00 00 00  80 C4 22 00 00 00 00 00  | ..".......".....
00000000002454A8 | 8E C4 22 00 00 00 00 00  9D C4 22 00 00 00 00 00  | ..".......".....
00000000002454B8 | B9 C4 22 00 00 00 00 00  D0 C4 22 00 00 00 00 00  | ..".......".....
00000000002454C8 | EA C4 22 00 00 00 00 00  F5 C4 22 00 00 00 00 00  | ..".......".....
00000000002454D8 | 13 C5 22 00 00 00 00 00  30 C5 22 00 00 00 00 00  | ..".....0.".....
00000000002454E8 | 55 C5 22 00 00 00 00 00  73 C5 22 00 00 00 00 00  | U.".....s.".....
00000000002454F8 | 7F C5 22 00 00 00 00 00  8E C5 22 00 00 00 00 00  | ..".......".....
0000000000245508 | AE C5 22 00 00 00 00 00  D8 C5 22 00 00 00 00 00  | ..".......".....
0000000000245518 | 00 C6 22 00 00 00 00 00  0E C6 22 00 00 00 00 00  | ..".......".....
0000000000245528 | 1A C6 22 00 00 00 00 00  D0 99 22 00 00 00 00 00  | ..".......".....
0000000000245538 | 35 C6 22 00 00 00 00 00  48 C6 22 00 00 00 00 00  | 5.".....H.".....
0000000000245548 | 5C C6 22 00 00 00 00 00  78 C6 22 00 00 00 00 00  | \.".....x.".....
0000000000245558 | 95 C6 22 00 00 00 00 00  8B 93 22 00 00 00 00 00  | ..".......".....
0000000000245568 | 9F C6 22 00 00 00 00 00  31 9A 22 00 00 00 00 00  | ..".....1.".....
0000000000245578 | AD C6 22 00 00 00 00 00  B4 C6 22 00 00 00 00 00  | ..".......".....
0000000000245588 | D7 C6 22 00 00 00 00 00  E9 C6 22 00 00 00 00 00  | ..".......".....
0000000000245598 | EF C6 22 00 00 00 00 00  0E C7 22 00 00 00 00 00  | ..".......".....
00000000002455A8 | 34 C7 22 00 00 00 00 00  43 C7 22 00 00 00 00 00  | 4.".....C.".....
00000000002455B8 | B4 93 22 00 00 00 00 00  56 C7 22 00 00 00 00 00  | ..".....V.".....
00000000002455C8 | 72 C7 22 00 00 00 00 00  7B C7 22 00 00 00 00 00  | r.".....{.".....
00000000002455D8 | 84 C7 22 00 00 00 00 00  96 C7 22 00 00 00 00 00  | ..".......".....
00000000002455E8 | A0 C7 22 00 00 00 00 00  A9 C7 22 00 00 00 00 00  | ..".......".....
00000000002455F8 | B2 C7 22 00 00 00 00 00  C4 C7 22 00 00 00 00 00  | ..".......".....
0000000000245608 | 10 C8 22 00 00 00 00 00  15 C8 22 00 00 00 00 00  | ..".......".....
0000000000245618 | 27 C8 22 00 00 00 00 00  45 C8 22 00 00 00 00 00  | '.".....E.".....
0000000000245628 | 5E C8 22 00 00 00 00 00  6F C8 22 00 00 00 00 00  | ^.".....o.".....
0000000000245638 | 76 C8 22 00 00 00 00 00  90 C8 22 00 00 00 00 00  | v.".......".....
0000000000245648 | B2 C8 22 00 00 00 00 00  C4 C8 22 00 00 00 00 00  | ..".......".....
0000000000245658 | CF C8 22 00 00 00 00 00  D5 C8 22 00 00 00 00 00  | ..".......".....
0000000000245668 | 08 C9 22 00 00 00 00 00  11 C9 22 00 00 00 00 00  | ..".......".....
0000000000245678 | 1B C9 22 00 00 00 00 00  24 C9 22 00 00 00 00 00  | ..".....$.".....
0000000000245688 | 36 C9 22 00 00 00 00 00  49 C9 22 00 00 00 00 00  | 6.".....I.".....
0000000000245698 | 7E C9 22 00 00 00 00 00  97 C9 22 00 00 00 00 00  | ~.".......".....
00000000002456A8 | 48 CA 22 00 00 00 00 00  5B CA 22 00 00 00 00 00  | H.".....[.".....
00000000002456B8 | 90 CA 22 00 00 00 00 00  73 9A 22 00 00 00 00 00  | ..".....s.".....
00000000002456C8 | CA CA 22 00 00 00 00 00  D5 CA 22 00 00 00 00 00  | ..".......".....
00000000002456D8 | E5 CA 22 00 00 00 00 00  EC CA 22 00 00 00 00 00  | ..".......".....
00000000002456E8 | 08 CB 22 00 00 00 00 00  25 CB 22 00 00 00 00 00  | ..".....%.".....
00000000002456F8 | 37 CB 22 00 00 00 00 00  41 CB 22 00 00 00 00 00  | 7.".....A.".....
0000000000245708 | 5D CB 22 00 00 00 00 00  F5 93 22 00 00 00 00 00  | ].".......".....
0000000000245718 | 7E CB 22 00 00 00 00 00  8F CB 22 00 00 00 00 00  | ~.".......".....
0000000000245728 | 96 CB 22 00 00 00 00 00  A8 CB 22 00 00 00 00 00  | ..".......".....
0000000000245738 | BE CB 22 00 00 00 00 00  CD CB 22 00 00 00 00 00  | ..".......".....
0000000000245748 | 9D 9A 22 00 00 00 00 00  E1 CB 22 00 00 00 00 00  | ..".......".....
0000000000245758 | F0 CB 22 00 00 00 00 00  FF CB 22 00 00 00 00 00  | ..".......".....
0000000000245768 | 1C CC 22 00 00 00 00 00  41 CC 22 00 00 00 00 00  | ..".....A.".....
0000000000245778 | 57 CC 22 00 00 00 00 00  76 CC 22 00 00 00 00 00  | W.".....v.".....
0000000000245788 | 88 CC 22 00 00 00 00 00  97 CC 22 00 00 00 00 00  | ..".......".....
0000000000245798 | AF CC 22 00 00 00 00 00  D6 CC 22 00 00 00 00 00  | ..".......".....
00000000002457A8 | 2E CD 22 00 00 00 00 00  3C CD 22 00 00 00 00 00  | ..".....<.".....
00000000002457B8 | 53 CD 22 00 00 00 00 00  99 CD 22 00 00 00 00 00  | S.".......".....
00000000002457C8 | 1E 94 22 00 00 00 00 00  B3 CD 22 00 00 00 00 00  | ..".......".....
00000000002457D8 | DE 9A 22 00 00 00 00 00  DC CD 22 00 00 00 00 00  | ..".......".....
00000000002457E8 | F6 CD 22 00 00 00 00 00  05 CE 22 00 00 00 00 00  | ..".......".....
00000000002457F8 | 22 CE 22 00 00 00 00 00  38 CE 22 00 00 00 00 00  | ".".....8.".....
0000000000245808 | 5F 94 22 00 00 00 00 00  49 CE 22 00 00 00 00 00  | _.".....I.".....
0000000000245818 | 78 CE 22 00 00 00 00 00  92 CE 22 00 00 00 00 00  | x.".......".....
0000000000245828 | BD CE 22 00 00 00 00 00  F8 CE 22 00 00 00 00 00  | ..".......".....
0000000000245838 | 37 CF 22 00 00 00 00 00  68 CF 22 00 00 00 00 00  | 7.".....h.".....
0000000000245848 | A2 CF 22 00 00 00 00 00  C3 CF 22 00 00 00 00 00  | ..".......".....
0000000000245858 | F3 9A 22 00 00 00 00 00  90 94 22 00 00 00 00 00  | ..".......".....
0000000000245868 | 01 D0 22 00 00 00 00 00  45 D0 22 00 00 00 00 00  | ..".....E.".....
0000000000245878 | 52 D0 22 00 00 00 00 00  7B D0 22 00 00 00 00 00  | R.".....{.".....
0000000000245888 | 8F D0 22 00 00 00 00 00  A5 D0 22 00 00 00 00 00  | ..".......".....
0000000000245898 | C0 D0 22 00 00 00 00 00  C9 D0 22 00 00 00 00 00  | ..".......".....
00000000002458A8 | D6 D0 22 00 00 00 00 00  E1 D0 22 00 00 00 00 00  | ..".......".....
00000000002458B8 | 08 9B 22 00 00 00 00 00  ED D0 22 00 00 00 00 00  | ..".......".....
00000000002458C8 | F9 D0 22 00 00 00 00 00  05 D1 22 00 00 00 00 00  | ..".......".....
00000000002458D8 | 18 D1 22 00 00 00 00 00  30 D1 22 00 00 00 00 00  | ..".....0.".....
00000000002458E8 | 41 D1 22 00 00 00 00 00  4C D1 22 00 00 00 00 00  | A.".....L.".....
00000000002458F8 | 5E D1 22 00 00 00 00 00  6E D1 22 00 00 00 00 00  | ^.".....n.".....
0000000000245908 | 7A D1 22 00 00 00 00 00  B0 D1 22 00 00 00 00 00  | z.".......".....
0000000000245918 | C6 D1 22 00 00 00 00 00  F7 D1 22 00 00 00 00 00  | ..".......".....
0000000000245928 | 06 D2 22 00 00 00 00 00  0F D2 22 00 00 00 00 00  | ..".......".....
0000000000245938 | 3D D2 22 00 00 00 00 00  46 D2 22 00 00 00 00 00  | =.".....F.".....
0000000000245948 | 50 D2 22 00 00 00 00 00  72 D2 22 00 00 00 00 00  | P.".....r.".....
0000000000245958 | 8D D2 22 00 00 00 00 00  96 D2 22 00 00 00 00 00  | ..".......".....
0000000000245968 | 9F D2 22 00 00 00 00 00  A9 D2 22 00 00 00 00 00  | ..".......".....
0000000000245978 | B2 D2 22 00 00 00 00 00  CA D2 22 00 00 00 00 00  | ..".......".....
0000000000245988 | EE D2 22 00 00 00 00 00  34 D3 22 00 00 00 00 00  | ..".....4.".....
0000000000245998 | 59 D3 22 00 00 00 00 00  70 D3 22 00 00 00 00 00  | Y.".....p.".....
00000000002459A8 | 82 D3 22 00 00 00 00 00  95 D3 22 00 00 00 00 00  | ..".......".....
00000000002459B8 | 9F D3 22 00 00 00 00 00  A9 D3 22 00 00 00 00 00  | ..".......".....
00000000002459C8 | BC D3 22 00 00 00 00 00  D0 D3 22 00 00 00 00 00  | ..".......".....
00000000002459D8 | ED D3 22 00 00 00 00 00  FF D3 22 00 00 00 00 00  | ..".......".....
00000000002459E8 | 06 D4 22 00 00 00 00 00  22 D4 22 00 00 00 00 00  | ..".....".".....
00000000002459F8 | 65 D4 22 00 00 00 00 00  6E D4 22 00 00 00 00 00  | e.".....n.".....
0000000000245A08 | 9E D4 22 00 00 00 00 00  AC D4 22 00 00 00 00 00  | ..".......".....
0000000000245A18 | CF D4 22 00 00 00 00 00  E0 D4 22 00 00 00 00 00  | ..".......".....
0000000000245A28 | A1 D6 22 00 00 00 00 00  C5 D6 22 00 00 00 00 00  | ..".......".....
0000000000245A38 | 29 D8 22 00 00 00 00 00  37 D8 22 00 00 00 00 00  | ).".....7.".....
0000000000245A48 | 41 D8 22 00 00 00 00 00  52 D8 22 00 00 00 00 00  | A.".....R.".....
0000000000245A58 | E3 94 22 00 00 00 00 00  6C D8 22 00 00 00 00 00  | ..".....l.".....
0000000000245A68 | 7D D8 22 00 00 00 00 00  91 D8 22 00 00 00 00 00  | }.".......".....
0000000000245A78 | 9A D8 22 00 00 00 00 00  C6 D8 22 00 00 00 00 00  | ..".......".....
0000000000245A88 | D1 D8 22 00 00 00 00 00  DB D8 22 00 00 00 00 00  | ..".......".....
0000000000245A98 | E6 D8 22 00 00 00 00 00  07 D9 22 00 00 00 00 00  | ..".......".....
0000000000245AA8 | 19 D9 22 00 00 00 00 00  2B D9 22 00 00 00 00 00  | ..".....+.".....
0000000000245AB8 | 44 D9 22 00 00 00 00 00  51 D9 22 00 00 00 00 00  | D.".....Q.".....
0000000000245AC8 | 5D D9 22 00 00 00 00 00  79 D9 22 00 00 00 00 00  | ].".....y.".....
0000000000245AD8 | 9F D9 22 00 00 00 00 00  0D 95 22 00 00 00 00 00  | ..".......".....
0000000000245AE8 | C4 D9 22 00 00 00 00 00  D6 D9 22 00 00 00 00 00  | ..".......".....
0000000000245AF8 | B4 9B 22 00 00 00 00 00  E9 D9 22 00 00 00 00 00  | ..".......".....
0000000000245B08 | 17 DA 22 00 00 00 00 00  37 95 22 00 00 00 00 00  | ..".....7.".....
0000000000245B18 | 3A DA 22 00 00 00 00 00  3F DA 22 00 00 00 00 00  | :.".....?.".....
0000000000245B28 | 4C DA 22 00 00 00 00 00  58 DA 22 00 00 00 00 00  | L.".....X.".....
0000000000245B38 | D1 9B 22 00 00 00 00 00  6F DA 22 00 00 00 00 00  | ..".....o.".....
0000000000245B48 | 83 DA 22 00 00 00 00 00  8E DA 22 00 00 00 00 00  | ..".......".....
0000000000245B58 | 9B DA 22 00 00 00 00 00  5F 95 22 00 00 00 00 00  | .."....._.".....
0000000000245B68 | A0 DA 22 00 00 00 00 00  B2 DA 22 00 00 00 00 00  | ..".......".....
0000000000245B78 | C3 DA 22 00 00 00 00 00  D2 DA 22 00 00 00 00 00  | ..".......".....
0000000000245B88 | E6 DA 22 00 00 00 00 00  FD DA 22 00 00 00 00 00  | ..".......".....
0000000000245B98 | 07 DB 22 00 00 00 00 00  10 DB 22 00 00 00 00 00  | ..".......".....
0000000000245BA8 | 19 DB 22 00 00 00 00 00  2B DB 22 00 00 00 00 00  | ..".....+.".....
0000000000245BB8 | 3D DB 22 00 00 00 00 00  5E DB 22 00 00 00 00 00  | =.".....^.".....
0000000000245BC8 | 6D DB 22 00 00 00 00 00  87 DB 22 00 00 00 00 00  | m.".......".....
0000000000245BD8 | 95 DB 22 00 00 00 00 00  AE DB 22 00 00 00 00 00  | ..".......".....
0000000000245BE8 | C0 DB 22 00 00 00 00 00  C5 DB 22 00 00 00 00 00  | ..".......".....
0000000000245BF8 | CE DB 22 00 00 00 00 00  E5 DB 22 00 00 00 00 00  | ..".......".....
0000000000245C08 | EB 9B 22 00 00 00 00 00  90 95 22 00 00 00 00 00  | ..".......".....
0000000000245C18 | 2E 9C 22 00 00 00 00 00  02 DC 22 00 00 00 00 00  | ..".......".....
0000000000245C28 | 2C DC 22 00 00 00 00 00  48 DC 22 00 00 00 00 00  | ,.".....H.".....
0000000000245C38 | D2 DC 22 00 00 00 00 00  EC DC 22 00 00 00 00 00  | ..".......".....
0000000000245C48 | 0E DD 22 00 00 00 00 00  17 DD 22 00 00 00 00 00  | ..".......".....
0000000000245C58 | 3B DD 22 00 00 00 00 00  8A DD 22 00 00 00 00 00  | ;.".......".....
0000000000245C68 | D8 DD 22 00 00 00 00 00  F2 DD 22 00 00 00 00 00  | ..".......".....
0000000000245C78 | 01 DE 22 00 00 00 00 00  0E DE 22 00 00 00 00 00  | ..".......".....
0000000000245C88 | 4C DE 22 00 00 00 00 00  77 DE 22 00 00 00 00 00  | L.".....w.".....
0000000000245C98 | 85 DE 22 00 00 00 00 00  A4 DE 22 00 00 00 00 00  | ..".......".....
0000000000245CA8 | B0 DE 22 00 00 00 00 00  32 DF 22 00 00 00 00 00  | ..".....2.".....
0000000000245CB8 | 41 DF 22 00 00 00 00 00  54 DF 22 00 00 00 00 00  | A.".....T.".....
0000000000245CC8 | 6D DF 22 00 00 00 00 00  76 DF 22 00 00 00 00 00  | m.".....v.".....
0000000000245CD8 | 97 DF 22 00 00 00 00 00  A2 DF 22 00 00 00 00 00  | ..".......".....
0000000000245CE8 | A8 DF 22 00 00 00 00 00  CA DF 22 00 00 00 00 00  | ..".......".....
0000000000245CF8 | D4 DF 22 00 00 00 00 00  F0 DF 22 00 00 00 00 00  | ..".......".....
0000000000245D08 | FA DF 22 00 00 00 00 00  04 E0 22 00 00 00 00 00  | ..".......".....
0000000000245D18 | 0E E0 22 00 00 00 00 00  18 E0 22 00 00 00 00 00  | ..".......".....
0000000000245D28 | 39 E0 22 00 00 00 00 00  47 E0 22 00 00 00 00 00  | 9.".....G.".....
0000000000245D38 | 55 E0 22 00 00 00 00 00  63 E0 22 00 00 00 00 00  | U.".....c.".....
0000000000245D48 | 72 E0 22 00 00 00 00 00  B1 E0 22 00 00 00 00 00  | r.".......".....
0000000000245D58 | CA E0 22 00 00 00 00 00  C2 95 22 00 00 00 00 00  | ..".......".....
0000000000245D68 | 05 E1 22 00 00 00 00 00  23 E1 22 00 00 00 00 00  | ..".....#.".....
0000000000245D78 | 35 E1 22 00 00 00 00 00  6D E1 22 00 00 00 00 00  | 5.".....m.".....
0000000000245D88 | 99 E1 22 00 00 00 00 00  A8 E1 22 00 00 00 00 00  | ..".......".....
0000000000245D98 | C1 E1 22 00 00 00 00 00  D2 E1 22 00 00 00 00 00  | ..".......".....
0000000000245DA8 | F7 E1 22 00 00 00 00 00  0F E2 22 00 00 00 00 00  | ..".......".....
0000000000245DB8 | 37 E2 22 00 00 00 00 00  45 E2 22 00 00 00 00 00  | 7.".....E.".....
0000000000245DC8 | 5A E2 22 00 00 00 00 00  06 96 22 00 00 00 00 00  | Z.".......".....
0000000000245DD8 | 70 E2 22 00 00 00 00 00  8F E2 22 00 00 00 00 00  | p.".......".....
0000000000245DE8 | BB E2 22 00 00 00 00 00  C1 E2 22 00 00 00 00 00  | ..".......".....
0000000000245DF8 | DE E2 22 00 00 00 00 00  F2 E2 22 00 00 00 00 00  | ..".......".....
0000000000245E08 | 05 E3 22 00 00 00 00 00  13 E3 22 00 00 00 00 00  | ..".......".....
0000000000245E18 | 2D E3 22 00 00 00 00 00  40 E3 22 00 00 00 00 00  | -.".....@.".....
0000000000245E28 | 4D E3 22 00 00 00 00 00  61 E3 22 00 00 00 00 00  | M.".....a.".....
0000000000245E38 | 7C E3 22 00 00 00 00 00  86 E3 22 00 00 00 00 00  | |.".......".....
0000000000245E48 | 90 E3 22 00 00 00 00 00  99 E3 22 00 00 00 00 00  | ..".......".....
0000000000245E58 | B6 E3 22 00 00 00 00 00  C0 E3 22 00 00 00 00 00  | ..".......".....
0000000000245E68 | CA E3 22 00 00 00 00 00  D4 E3 22 00 00 00 00 00  | ..".......".....
0000000000245E78 | DD E3 22 00 00 00 00 00  E6 E3 22 00 00 00 00 00  | ..".......".....
0000000000245E88 | 0B E4 22 00 00 00 00 00  2C E4 22 00 00 00 00 00  | ..".....,.".....
0000000000245E98 | 31 E4 22 00 00 00 00 00  37 E4 22 00 00 00 00 00  | 1.".....7.".....
0000000000245EA8 | 48 E4 22 00 00 00 00 00  5B E4 22 00 00 00 00 00  | H.".....[.".....
0000000000245EB8 | 89 E4 22 00 00 00 00 00  CF E4 22 00 00 00 00 00  | ..".......".....
0000000000245EC8 | 00 E5 22 00 00 00 00 00  15 E5 22 00 00 00 00 00  | ..".......".....
0000000000245ED8 | 45 E5 22 00 00 00 00 00  76 E5 22 00 00 00 00 00  | E.".....v.".....
0000000000245EE8 | 9B E5 22 00 00 00 00 00  C0 E5 22 00 00 00 00 00  | ..".......".....
0000000000245EF8 | CF E5 22 00 00 00 00 00  E7 E5 22 00 00 00 00 00  | ..".......".....
0000000000245F08 | F1 E5 22 00 00 00 00 00  05 E6 22 00 00 00 00 00  | ..".......".....
0000000000245F18 | 9E 9C 22 00 00 00 00 00  2A E6 22 00 00 00 00 00  | ..".....*.".....
0000000000245F28 | 4F E6 22 00 00 00 00 00  99 E6 22 00 00 00 00 00  | O.".......".....
0000000000245F38 | BE E6 22 00 00 00 00 00  E3 E6 22 00 00 00 00 00  | ..".......".....
0000000000245F48 | 4A 96 22 00 00 00 00 00  08 E7 22 00 00 00 00 00  | J.".......".....
0000000000245F58 | 24 E7 22 00 00 00 00 00  37 E7 22 00 00 00 00 00  | $.".....7.".....
0000000000245F68 | 58 E7 22 00 00 00 00 00  7D E7 22 00 00 00 00 00  | X.".....}.".....
0000000000245F78 | A2 E7 22 00 00 00 00 00  AB E7 22 00 00 00 00 00  | ..".......".....
0000000000245F88 | E2 E7 22 00 00 00 00 00  0B E8 22 00 00 00 00 00  | ..".......".....
0000000000245F98 | E2 9C 22 00 00 00 00 00  38 E8 22 00 00 00 00 00  | ..".....8.".....
0000000000245FA8 | 5D E8 22 00 00 00 00 00  6F E8 22 00 00 00 00 00  | ].".....o.".....
0000000000245FB8 | 7A E8 22 00 00 00 00 00  A9 E8 22 00 00 00 00 00  | z.".......".....
0000000000245FC8 | CE E8 22 00 00 00 00 00  D7 E8 22 00 00 00 00 00  | ..".......".....
0000000000245FD8 | E4 E8 22 00 00 00 00 00  ED E8 22 00 00 00 00 00  | ..".......".....
0000000000245FE8 | 1F E9 22 00 00 00 00 00  44 E9 22 00 00 00 00 00  | ..".....D.".....
0000000000245FF8 | 69 E9 22 00 00 00 00 00  76 E9 22 00 00 00 00 00  | i.".....v.".....
0000000000246008 | 85 E9 22 00 00 00 00 00  91 E9 22 00 00 00 00 00  | ..".......".....
0000000000246018 | 9C E9 22 00 00 00 00 00  D0 E9 22 00 00 00 00 00  | ..".......".....
0000000000246028 | E3 E9 22 00 00 00 00 00  F0 E9 22 00 00 00 00 00  | ..".......".....
0000000000246038 | 15 EA 22 00 00 00 00 00  3A EA 22 00 00 00 00 00  | ..".....:.".....
0000000000246048 | 45 EA 22 00 00 00 00 00  6A EA 22 00 00 00 00 00  | E.".....j.".....
0000000000246058 | 8F EA 22 00 00 00 00 00  A5 EA 22 00 00 00 00 00  | ..".......".....
0000000000246068 | C8 EA 22 00 00 00 00 00  ED EA 22 00 00 00 00 00  | ..".......".....
0000000000246078 | 03 EB 22 00 00 00 00 00  10 EB 22 00 00 00 00 00  | ..".......".....
0000000000246088 | 35 EB 22 00 00 00 00 00  5A EB 22 00 00 00 00 00  | 5.".....Z.".....
0000000000246098 | 6C EB 22 00 00 00 00 00  78 EB 22 00 00 00 00 00  | l.".....x.".....
00000000002460A8 | 8C EB 22 00 00 00 00 00  9A EB 22 00 00 00 00 00  | ..".......".....
00000000002460B8 | A7 EB 22 00 00 00 00 00  D6 EB 22 00 00 00 00 00  | ..".......".....
00000000002460C8 | E3 EB 22 00 00 00 00 00  08 EC 22 00 00 00 00 00  | ..".......".....
00000000002460D8 | 2D EC 22 00 00 00 00 00  43 EC 22 00 00 00 00 00  | -.".....C.".....
00000000002460E8 | 7A EC 22 00 00 00 00 00  91 EC 22 00 00 00 00 00  | z.".......".....
00000000002460F8 | B6 EC 22 00 00 00 00 00  DB EC 22 00 00 00 00 00  | ..".......".....
0000000000246108 | E4 EC 22 00 00 00 00 00  F1 EC 22 00 00 00 00 00  | ..".......".....
0000000000246118 | FE EC 22 00 00 00 00 00  07 ED 22 00 00 00 00 00  | ..".......".....
0000000000246128 | 1B ED 22 00 00 00 00 00  58 ED 22 00 00 00 00 00  | ..".....X.".....
0000000000246138 | 7D ED 22 00 00 00 00 00  A2 ED 22 00 00 00 00 00  | }.".......".....
0000000000246148 | C7 ED 22 00 00 00 00 00  F9 ED 22 00 00 00 00 00  | ..".......".....
0000000000246158 | 2E EE 22 00 00 00 00 00  53 EE 22 00 00 00 00 00  | ..".....S.".....
0000000000246168 | 70 EE 22 00 00 00 00 00  81 EE 22 00 00 00 00 00  | p.".......".....
0000000000246178 | 96 EE 22 00 00 00 00 00  BB EE 22 00 00 00 00 00  | ..".......".....
0000000000246188 | C8 EE 22 00 00 00 00 00  8E 96 22 00 00 00 00 00  | ..".......".....
0000000000246198 | E0 EE 22 00 00 00 00 00  05 EF 22 00 00 00 00 00  | ..".......".....
00000000002461A8 | 2A EF 22 00 00 00 00 00  4F EF 22 00 00 00 00 00  | *.".....O.".....
00000000002461B8 | 74 EF 22 00 00 00 00 00  7D EF 22 00 00 00 00 00  | t.".....}.".....
00000000002461C8 | 83 EF 22 00 00 00 00 00  8F EF 22 00 00 00 00 00  | ..".......".....
00000000002461D8 | A1 EF 22 00 00 00 00 00  B9 EF 22 00 00 00 00 00  | ..".......".....
00000000002461E8 | D1 EF 22 00 00 00 00 00  DF EF 22 00 00 00 00 00  | ..".......".....
00000000002461F8 | EE EF 22 00 00 00 00 00  F9 EF 22 00 00 00 00 00  | ..".......".....
0000000000246208 | 36 9D 22 00 00 00 00 00  FE EF 22 00 00 00 00 00  | 6.".......".....
0000000000246218 | 28 F0 22 00 00 00 00 00  3D F0 22 00 00 00 00 00  | (.".....=.".....
0000000000246228 | 5F F0 22 00 00 00 00 00  70 F0 22 00 00 00 00 00  | _.".....p.".....
0000000000246238 | 85 F0 22 00 00 00 00 00  96 F0 22 00 00 00 00 00  | ..".......".....
0000000000246248 | B9 F0 22 00 00 00 00 00  D2 F0 22 00 00 00 00 00  | ..".......".....
0000000000246258 | F4 F0 22 00 00 00 00 00  0A F1 22 00 00 00 00 00  | ..".......".....
0000000000246268 | 1B F1 22 00 00 00 00 00  39 F1 22 00 00 00 00 00  | ..".....9.".....
0000000000246278 | 3F F1 22 00 00 00 00 00  49 F1 22 00 00 00 00 00  | ?.".....I.".....
0000000000246288 | 5E F1 22 00 00 00 00 00  7E F1 22 00 00 00 00 00  | ^.".....~.".....
0000000000246298 | 84 F1 22 00 00 00 00 00  99 F1 22 00 00 00 00 00  | ..".......".....
00000000002462A8 | A6 F1 22 00 00 00 00 00  B2 F1 22 00 00 00 00 00  | ..".......".....
00000000002462B8 | BE F1 22 00 00 00 00 00  CB F1 22 00 00 00 00 00  | ..".......".....
00000000002462C8 | D2 96 22 00 00 00 00 00  F6 F1 22 00 00 00 00 00  | ..".......".....
00000000002462D8 | 0F F2 22 00 00 00 00 00  31 F2 22 00 00 00 00 00  | ..".....1.".....
00000000002462E8 | 4F F2 22 00 00 00 00 00  77 F2 22 00 00 00 00 00  | O.".....w.".....
00000000002462F8 | A8 F2 22 00 00 00 00 00  8A 9D 22 00 00 00 00 00  | ..".......".....
0000000000246308 | C9 F2 22 00 00 00 00 00  E5 F2 22 00 00 00 00 00  | ..".......".....
0000000000246318 | F9 F2 22 00 00 00 00 00  22 F3 22 00 00 00 00 00  | ..".....".".....
0000000000246328 | 4A F3 22 00 00 00 00 00  5C F3 22 00 00 00 00 00  | J.".....\.".....
0000000000246338 | 72 F3 22 00 00 00 00 00  84 F3 22 00 00 00 00 00  | r.".......".....
0000000000246348 | 9D F3 22 00 00 00 00 00  B8 F3 22 00 00 00 00 00  | ..".......".....
0000000000246358 | CC F3 22 00 00 00 00 00  E0 F3 22 00 00 00 00 00  | ..".......".....
0000000000246368 | EB F3 22 00 00 00 00 00  26 97 22 00 00 00 00 00  | ..".....&.".....
0000000000246378 | F5 F3 22 00 00 00 00 00  01 F4 22 00 00 00 00 00  | ..".......".....
0000000000246388 | 13 F4 22 00 00 00 00 00  20 F4 22 00 00 00 00 00  | .."..... .".....
0000000000246398 | 2E F4 22 00 00 00 00 00  37 F4 22 00 00 00 00 00  | ..".....7.".....
00000000002463A8 | 4F F4 22 00 00 00 00 00  58 F4 22 00 00 00 00 00  | O.".....X.".....
00000000002463B8 | 6B F4 22 00 00 00 00 00  75 F4 22 00 00 00 00 00  | k.".....u.".....
00000000002463C8 | 7F F4 22 00 00 00 00 00  88 F4 22 00 00 00 00 00  | ..".......".....
00000000002463D8 | 91 F4 22 00 00 00 00 00  9B F4 22 00 00 00 00 00  | ..".......".....
00000000002463E8 | A4 F4 22 00 00 00 00 00  B2 F4 22 00 00 00 00 00  | ..".......".....
00000000002463F8 | C8 F4 22 00 00 00 00 00  DD F4 22 00 00 00 00 00  | ..".......".....
0000000000246408 | E9 F4 22 00 00 00 00 00  F3 F4 22 00 00 00 00 00  | ..".......".....
0000000000246418 | 1B F5 22 00 00 00 00 00  29 F5 22 00 00 00 00 00  | ..".....).".....
0000000000246428 | 4A F5 22 00 00 00 00 00  75 F5 22 00 00 00 00 00  | J.".....u.".....
0000000000246438 | 91 F5 22 00 00 00 00 00  9A F5 22 00 00 00 00 00  | ..".......".....
0000000000246448 | A4 F5 22 00 00 00 00 00  C5 F5 22 00 00 00 00 00  | ..".......".....
0000000000246458 | C2 F6 22 00 00 00 00 00  E0 F6 22 00 00 00 00 00  | ..".......".....
0000000000246468 | 1B F7 22 00 00 00 00 00  2C F7 22 00 00 00 00 00  | ..".....,.".....
0000000000246478 | 67 F7 22 00 00 00 00 00  A2 F7 22 00 00 00 00 00  | g.".......".....
0000000000246488 | 9E 97 22 00 00 00 00 00  F7 F7 22 00 00 00 00 00  | ..".......".....
0000000000246498 | 00 F8 22 00 00 00 00 00  09 F8 22 00 00 00 00 00  | ..".......".....
00000000002464A8 | 13 F8 22 00 00 00 00 00  26 F8 22 00 00 00 00 00  | ..".....&.".....
00000000002464B8 | 2F F8 22 00 00 00 00 00  42 F8 22 00 00 00 00 00  | /.".....B.".....
00000000002464C8 | 64 F8 22 00 00 00 00 00  85 F8 22 00 00 00 00 00  | d.".......".....
00000000002464D8 | 8B F8 22 00 00 00 00 00  A4 F8 22 00 00 00 00 00  | ..".......".....
00000000002464E8 | B1 F8 22 00 00 00 00 00  C2 F8 22 00 00 00 00 00  | ..".......".....
00000000002464F8 | D4 F8 22 00 00 00 00 00  E6 F8 22 00 00 00 00 00  | ..".......".....
0000000000246508 | F7 F8 22 00 00 00 00 00  FC F8 22 00 00 00 00 00  | ..".......".....
0000000000246518 | 0B F9 22 00 00 00 00 00  17 F9 22 00 00 00 00 00  | ..".......".....
0000000000246528 | 2A F9 22 00 00 00 00 00  33 F9 22 00 00 00 00 00  | *.".....3.".....
0000000000246538 | 8F F9 22 00 00 00 00 00  99 F9 22 00 00 00 00 00  | ..".......".....
0000000000246548 | A2 F9 22 00 00 00 00 00  AB F9 22 00 00 00 00 00  | ..".......".....
0000000000246558 | B5 F9 22 00 00 00 00 00  BF F9 22 00 00 00 00 00  | ..".......".....
0000000000246568 | CF F9 22 00 00 00 00 00  E0 F9 22 00 00 00 00 00  | ..".......".....
0000000000246578 | FB F9 22 00 00 00 00 00  26 FA 22 00 00 00 00 00  | ..".....&.".....
0000000000246588 | 4D FA 22 00 00 00 00 00  57 FA 22 00 00 00 00 00  | M.".....W.".....
0000000000246598 | 6A FA 22 00 00 00 00 00  7D FA 22 00 00 00 00 00  | j.".....}.".....
00000000002465A8 | AB FA 22 00 00 00 00 00  BE FA 22 00 00 00 00 00  | ..".......".....
00000000002465B8 | D3 FA 22 00 00 00 00 00  E6 FA 22 00 00 00 00 00  | ..".......".....
00000000002465C8 | F0 FA 22 00 00 00 00 00  32 FB 22 00 00 00 00 00  | ..".....2.".....
00000000002465D8 | 5C FB 22 00 00 00 00 00  78 FB 22 00 00 00 00 00  | \.".....x.".....
00000000002465E8 | 81 FB 22 00 00 00 00 00  8B FB 22 00 00 00 00 00  | ..".......".....
00000000002465F8 | AC FB 22 00 00 00 00 00  C6 FB 22 00 00 00 00 00  | ..".......".....
0000000000246608 | CF FB 22 00 00 00 00 00  D9 FB 22 00 00 00 00 00  | ..".......".....
0000000000246618 | E2 97 22 00 00 00 00 00  E3 FB 22 00 00 00 00 00  | ..".......".....
0000000000246628 | ED FB 22 00 00 00 00 00  0E FC 22 00 00 00 00 00  | ..".......".....
0000000000246638 | 38 FC 22 00 00 00 00 00  41 FC 22 00 00 00 00 00  | 8.".....A.".....
0000000000246648 | 76 FC 22 00 00 00 00 00  8B FC 22 00 00 00 00 00  | v.".......".....
0000000000246658 | 94 FC 22 00 00 00 00 00                           | ..".....
