# Memory dump: 0x1007c0f80 - 0x1007c37c0
# Segment: __const
#============================================================================

# Address        | Hex Bytes                                       | ASCII
#----------------------------------------------------------------------------
00000001007C0F80 | D0 2C A2 00 01 00 00 00  00 00 00 50 00 00 00 00  | .,.........P....
00000001007C0F90 | F8 61 00 00 01 00 00 00  40 11 7C 00 01 00 00 00  | .a......@.|.....
00000001007C0FA0 | 00 00 00 00 00 00 00 00  28 00 00 00 00 00 00 00  | ........(.......
00000001007C0FB0 | 64 62 00 00 01 00 00 00  70 62 00 00 01 00 00 00  | db......pb......
00000001007C0FC0 | 68 34 7B 00 01 00 00 00  01 00 00 00 00 00 00 00  | h4{.............
00000001007C0FD0 | 00 00 00 00 00 00 00 00  28 00 00 00 00 00 00 00  | ........(.......
00000001007C0FE0 | 68 34 7B 00 01 00 00 00  5B 72 7B 00 01 00 00 00  | h4{.....[r{.....
00000001007C0FF0 | 00 00 00 00 00 00 00 00  30 00 00 00 00 00 00 00  | ........0.......
00000001007C1000 | B4 96 00 00 01 00 00 00  E4 96 00 00 01 00 00 00  | ................
00000001007C1010 | 68 34 7B 00 01 00 00 00  01 01 00 00 00 00 00 00  | h4{.............
00000001007C1020 | 00 00 00 00 00 00 00 00  58 00 00 00 00 00 00 00  | ........X.......
00000001007C1030 | 68 99 00 00 01 00 00 00  A0 99 00 00 01 00 00 00  | h...............
00000001007C1040 | 68 34 7B 00 01 00 00 00  01 02 00 00 00 00 00 00  | h4{.............
00000001007C1050 | 00 00 00 00 00 00 00 00  30 00 00 00 00 00 00 00  | ........0.......
00000001007C1060 | B4 96 00 00 01 00 00 00  E4 96 00 00 01 00 00 00  | ................
00000001007C1070 | 5E 36 7B 00 01 00 00 00  01 01 00 00 00 00 00 00  | ^6{.............
00000001007C1080 | 00 00 00 00 00 00 00 00  50 00 00 00 00 00 00 00  | ........P.......
00000001007C1090 | E4 9A 00 00 01 00 00 00  EC 9A 00 00 01 00 00 00  | ................
00000001007C10A0 | 68 34 7B 00 01 00 00 00  00 01 00 00 00 00 00 00  | h4{.............
00000001007C10B0 | 00 00 00 00 00 00 00 00  50 00 00 00 00 00 00 00  | ........P.......
00000001007C10C0 | B4 96 00 00 01 00 00 00  E4 96 00 00 01 00 00 00  | ................
00000001007C10D0 | 68 34 7B 00 01 00 00 00  01 01 00 00 00 00 00 00  | h4{.............
00000001007C10E0 | 00 00 00 00 00 00 00 00  40 00 00 00 00 00 00 00  | ........@.......
00000001007C10F0 | B4 96 00 00 01 00 00 00  E4 96 00 00 01 00 00 00  | ................
00000001007C1100 | 68 34 7B 00 01 00 00 00  01 01 00 00 00 00 00 00  | h4{.............
00000001007C1110 | 00 00 00 00 00 00 00 00  40 00 00 00 00 00 00 00  | ........@.......
00000001007C1120 | 90 B2 00 00 01 00 00 00  D4 B2 00 00 01 00 00 00  | ................
00000001007C1130 | 68 34 7B 00 01 00 00 00  02 02 00 00 00 00 00 00  | h4{.............
00000001007C1140 | 00 00 00 00 00 00 00 00  20 00 00 00 00 00 00 00  | ........ .......
00000001007C1150 | 68 34 7B 00 01 00 00 00  00 00 00 00 00 00 00 00  | h4{.............
00000001007C1160 | D0 2C A2 00 01 00 00 00  00 00 00 50 00 00 00 00  | .,.........P....
00000001007C1170 | 70 0B 02 00 01 00 00 00  40 11 7C 00 01 00 00 00  | p.......@.|.....
00000001007C1180 | 00 00 00 00 00 00 00 00  28 00 00 00 00 00 00 00  | ........(.......
00000001007C1190 | E4 9A 00 00 01 00 00 00  EC 9A 00 00 01 00 00 00  | ................
00000001007C11A0 | 68 34 7B 00 01 00 00 00  00 01 00 00 00 00 00 00  | h4{.............
00000001007C11B0 | 00 00 00 00 00 00 00 00  20 00 00 00 00 00 00 00  | ........ .......
00000001007C11C0 | 4A 38 7B 00 01 00 00 00  00 00 00 00 00 00 00 00  | J8{.............
00000001007C11D0 | D0 2C A2 00 01 00 00 00  00 00 00 50 00 00 00 00  | .,.........P....
00000001007C11E0 | 64 40 02 00 01 00 00 00  B0 11 7C 00 01 00 00 00  | d@........|.....
00000001007C11F0 | 00 00 00 00 00 00 00 00  20 00 00 00 00 00 00 00  | ........ .......
00000001007C1200 | 53 38 7B 00 01 00 00 00  00 00 00 00 00 00 00 00  | S8{.............
00000001007C1210 | D0 2C A2 00 01 00 00 00  00 00 00 50 00 00 00 00  | .,.........P....
00000001007C1220 | 14 F4 03 00 01 00 00 00  F0 11 7C 00 01 00 00 00  | ..........|.....
00000001007C1230 | 00 00 00 00 00 00 00 00  30 00 00 00 00 00 00 00  | ........0.......
00000001007C1240 | C0 FC 03 00 01 00 00 00  E8 FC 03 00 01 00 00 00  | ................
00000001007C1250 | 68 34 7B 00 01 00 00 00  00 02 00 00 00 00 00 00  | h4{.............
00000001007C1260 | 00 00 00 00 00 00 00 00  28 00 00 00 00 00 00 00  | ........(.......
00000001007C1270 | E4 9A 00 00 01 00 00 00  EC 9A 00 00 01 00 00 00  | ................
00000001007C1280 | 5F 38 7B 00 01 00 00 00  00 01 00 00 00 00 00 00  | _8{.............
00000001007C1290 | 00 00 00 00 00 00 00 00  28 00 00 00 00 00 00 00  | ........(.......
00000001007C12A0 | E4 9A 00 00 01 00 00 00  EC 9A 00 00 01 00 00 00  | ................
00000001007C12B0 | 68 38 7B 00 01 00 00 00  00 01 00 00 00 00 00 00  | h8{.............
00000001007C12C0 | 00 00 00 00 00 00 00 00  38 00 00 00 00 00 00 00  | ........8.......
00000001007C12D0 | DC E8 06 00 01 00 00 00  0C E9 06 00 01 00 00 00  | ................
00000001007C12E0 | 68 34 7B 00 01 00 00 00  00 03 00 00 00 00 00 00  | h4{.............
00000001007C12F0 | 00 00 00 00 00 00 00 00  38 00 00 00 00 00 00 00  | ........8.......
00000001007C1300 | 28 53 08 00 01 00 00 00  A0 55 08 00 01 00 00 00  | (S.......U......
00000001007C1310 | 68 34 7B 00 01 00 00 00  20 01 00 00 00 00 00 00  | h4{..... .......
00000001007C1320 | 00 00 00 00 00 00 00 00  29 00 00 00 00 00 00 00  | ........).......
00000001007C1330 | E4 9A 00 00 01 00 00 00  EC 9A 00 00 01 00 00 00  | ................
00000001007C1340 | 68 34 7B 00 01 00 00 00  00 01 00 00 00 00 00 00  | h4{.............
00000001007C1350 | 00 00 00 00 00 00 00 00  30 00 00 00 00 00 00 00  | ........0.......
00000001007C1360 | CC EB 08 00 01 00 00 00  20 EE 08 00 01 00 00 00  | ........ .......
00000001007C1370 | 68 34 7B 00 01 00 00 00  10 01 00 00 00 00 00 00  | h4{.............
00000001007C1380 | 00 00 00 00 00 00 00 00  28 00 00 00 00 00 00 00  | ........(.......
00000001007C1390 | E4 9A 00 00 01 00 00 00  EC 9A 00 00 01 00 00 00  | ................
00000001007C13A0 | 87 38 7B 00 01 00 00 00  00 01 00 00 00 00 00 00  | .8{.............
00000001007C13B0 | 00 00 00 00 00 00 00 00  28 00 00 00 00 00 00 00  | ........(.......
00000001007C13C0 | E4 6C 09 00 01 00 00 00  EC 9A 00 00 01 00 00 00  | .l..............
00000001007C13D0 | 68 34 7B 00 01 00 00 00  00 01 00 00 00 00 00 00  | h4{.............
00000001007C13E0 | 00 00 00 00 00 00 00 00  38 00 00 00 00 00 00 00  | ........8.......
00000001007C13F0 | 38 81 09 00 01 00 00 00  0C E9 06 00 01 00 00 00  | 8...............
00000001007C1400 | 9A 38 7B 00 01 00 00 00  00 03 00 00 00 00 00 00  | .8{.............
00000001007C1410 | 00 00 00 00 00 00 00 00  20 00 00 00 00 00 00 00  | ........ .......
00000001007C1420 | AD 38 7B 00 01 00 00 00  00 00 00 00 00 00 00 00  | .8{.............
00000001007C1430 | D0 2C A2 00 01 00 00 00  00 00 00 50 00 00 00 00  | .,.........P....
00000001007C1440 | DC 82 0A 00 01 00 00 00  10 14 7C 00 01 00 00 00  | ..........|.....
00000001007C1450 | D0 2C A2 00 01 00 00 00  00 00 00 50 00 00 00 00  | .,.........P....
00000001007C1460 | AC 96 0A 00 01 00 00 00  10 14 7C 00 01 00 00 00  | ..........|.....
00000001007C1470 | 00 00 00 00 00 00 00 00  30 00 00 00 00 00 00 00  | ........0.......
00000001007C1480 | 9C 83 0E 00 01 00 00 00  00 86 0E 00 01 00 00 00  | ................
00000001007C1490 | 68 34 7B 00 01 00 00 00  20 00 00 00 00 00 00 00  | h4{..... .......
00000001007C14A0 | 00 00 00 00 00 00 00 00  40 00 00 00 00 00 00 00  | ........@.......
00000001007C14B0 | 2C 8D 0E 00 01 00 00 00  C4 8F 0E 00 01 00 00 00  | ,...............
00000001007C14C0 | 68 34 7B 00 01 00 00 00  30 01 00 00 00 00 00 00  | h4{.....0.......
00000001007C14D0 | 00 00 00 00 00 00 00 00  41 00 00 00 00 00 00 00  | ........A.......
00000001007C14E0 | 5C DF 0E 00 01 00 00 00  94 DF 0E 00 01 00 00 00  | \...............
00000001007C14F0 | 68 34 7B 00 01 00 00 00  00 04 00 00 00 00 00 00  | h4{.............
00000001007C1500 | 00 00 00 00 00 00 00 00  39 00 00 00 00 00 00 00  | ........9.......
00000001007C1510 | DC E8 06 00 01 00 00 00  0C E9 06 00 01 00 00 00  | ................
00000001007C1520 | DC 38 7B 00 01 00 00 00  00 03 00 00 00 00 00 00  | .8{.............
00000001007C1530 | 00 00 00 00 00 00 00 00  28 00 00 00 00 00 00 00  | ........(.......
00000001007C1540 | E4 9A 00 00 01 00 00 00  EC 9A 00 00 01 00 00 00  | ................
00000001007C1550 | 01 39 7B 00 01 00 00 00  00 01 00 00 00 00 00 00  | .9{.............
00000001007C1560 | 00 00 00 00 00 00 00 00  20 00 00 00 00 00 00 00  | ........ .......
00000001007C1570 | 5E 36 7B 00 01 00 00 00  00 00 00 00 00 00 00 00  | ^6{.............
00000001007C1580 | D0 2C A2 00 01 00 00 00  00 00 00 50 00 00 00 00  | .,.........P....
00000001007C1590 | B4 7D 0F 00 01 00 00 00  60 15 7C 00 01 00 00 00  | .}......`.|.....
00000001007C15A0 | 18 00 00 00 01 00 00 00  27 39 7B 00 01 00 00 00  | ........'9{.....
00000001007C15B0 | 32 39 7B 00 01 00 00 00  60 01 10 00 01 00 00 00  | 29{.....`.......
00000001007C15C0 | D0 2C A2 00 01 00 00 00  00 00 00 50 00 00 00 00  | .,.........P....
00000001007C15D0 | 00 FE 12 00 01 00 00 00  40 11 7C 00 01 00 00 00  | ........@.|.....
00000001007C15E0 | 00 00 00 00 00 00 00 00  20 00 00 00 00 00 00 00  | ........ .......
00000001007C15F0 | 3A 39 7B 00 01 00 00 00  00 00 00 00 00 00 00 00  | :9{.............
00000001007C1600 | D0 2C A2 00 01 00 00 00  00 00 00 50 00 00 00 00  | .,.........P....
00000001007C1610 | 38 41 13 00 01 00 00 00  E0 15 7C 00 01 00 00 00  | 8A........|.....
00000001007C1620 | D0 2C A2 00 01 00 00 00  00 00 00 50 00 00 00 00  | .,.........P....
00000001007C1630 | CC 4D 13 00 01 00 00 00  E0 15 7C 00 01 00 00 00  | .M........|.....
00000001007C1640 | D0 2C A2 00 01 00 00 00  00 00 00 50 00 00 00 00  | .,.........P....
00000001007C1650 | D4 89 13 00 01 00 00 00  40 11 7C 00 01 00 00 00  | ........@.|.....
00000001007C1660 | 18 00 00 00 01 00 00 00  27 39 7B 00 01 00 00 00  | ........'9{.....
00000001007C1670 | 32 39 7B 00 01 00 00 00  08 8A 14 00 01 00 00 00  | 29{.............
00000001007C1680 | D0 2C A2 00 01 00 00 00  00 00 00 50 00 00 00 00  | .,.........P....
00000001007C1690 | 68 B5 15 00 01 00 00 00  60 15 7C 00 01 00 00 00  | h.......`.|.....
00000001007C16A0 | D0 2C A2 00 01 00 00 00  00 00 00 50 00 00 00 00  | .,.........P....
00000001007C16B0 | 74 B7 15 00 01 00 00 00  60 15 7C 00 01 00 00 00  | t.......`.|.....
00000001007C16C0 | D0 2C A2 00 01 00 00 00  00 00 00 50 00 00 00 00  | .,.........P....
00000001007C16D0 | 80 B9 15 00 01 00 00 00  60 15 7C 00 01 00 00 00  | ........`.|.....
00000001007C16E0 | D0 2C A2 00 01 00 00 00  00 00 00 50 00 00 00 00  | .,.........P....
00000001007C16F0 | 64 BB 15 00 01 00 00 00  60 15 7C 00 01 00 00 00  | d.......`.|.....
00000001007C1700 | D0 2C A2 00 01 00 00 00  00 00 00 50 00 00 00 00  | .,.........P....
00000001007C1710 | 68 BB 15 00 01 00 00 00  60 15 7C 00 01 00 00 00  | h.......`.|.....
00000001007C1720 | D0 2C A2 00 01 00 00 00  00 00 00 50 00 00 00 00  | .,.........P....
00000001007C1730 | 50 BD 15 00 01 00 00 00  60 15 7C 00 01 00 00 00  | P.......`.|.....
00000001007C1740 | D0 2C A2 00 01 00 00 00  00 00 00 50 00 00 00 00  | .,.........P....
00000001007C1750 | 74 BF 15 00 01 00 00 00  60 15 7C 00 01 00 00 00  | t.......`.|.....
00000001007C1760 | D0 2C A2 00 01 00 00 00  00 00 00 50 00 00 00 00  | .,.........P....
00000001007C1770 | 94 C1 15 00 01 00 00 00  60 15 7C 00 01 00 00 00  | ........`.|.....
00000001007C1780 | 18 00 00 00 01 00 00 00  27 39 7B 00 01 00 00 00  | ........'9{.....
00000001007C1790 | 32 39 7B 00 01 00 00 00  CC D1 15 00 01 00 00 00  | 29{.............
00000001007C17A0 | 00 00 00 00 00 00 00 00  28 00 00 00 00 00 00 00  | ........(.......
00000001007C17B0 | E4 9A 00 00 01 00 00 00  EC 9A 00 00 01 00 00 00  | ................
00000001007C17C0 | 5E 36 7B 00 01 00 00 00  00 01 00 00 00 00 00 00  | ^6{.............
00000001007C17D0 | 00 00 00 00 00 00 00 00  38 00 00 00 00 00 00 00  | ........8.......
00000001007C17E0 | 40 1B 17 00 01 00 00 00  7C 1B 17 00 01 00 00 00  | @.......|.......
00000001007C17F0 | 68 34 7B 00 01 00 00 00  10 02 00 00 00 00 00 00  | h4{.............
00000001007C1800 | 00 00 00 00 00 00 00 00  48 00 00 00 00 00 00 00  | ........H.......
00000001007C1810 | F0 1D 17 00 01 00 00 00  84 20 17 00 01 00 00 00  | ......... ......
00000001007C1820 | 68 34 7B 00 01 00 00 00  10 04 00 00 00 00 00 00  | h4{.............
00000001007C1830 | 00 00 00 00 00 00 00 00  60 00 00 00 00 00 00 00  | ........`.......
00000001007C1840 | C0 4D 17 00 01 00 00 00  7C 50 17 00 01 00 00 00  | .M......|P......
00000001007C1850 | 68 34 7B 00 01 00 00 00  10 07 00 00 00 00 00 00  | h4{.............
00000001007C1860 | 00 00 00 00 00 00 00 00  40 00 00 00 00 00 00 00  | ........@.......
00000001007C1870 | AC CF 19 00 01 00 00 00  34 D2 19 00 01 00 00 00  | ........4.......
00000001007C1880 | 68 34 7B 00 01 00 00 00  20 02 00 00 00 00 00 00  | h4{..... .......
00000001007C1890 | D0 2C A2 00 01 00 00 00  00 00 00 50 00 00 00 00  | .,.........P....
00000001007C18A0 | C4 FE 19 00 01 00 00 00  40 11 7C 00 01 00 00 00  | ........@.|.....
00000001007C18B0 | 00 00 00 00 00 00 00 00  20 00 00 00 00 00 00 00  | ........ .......
00000001007C18C0 | 87 38 7B 00 01 00 00 00  00 00 00 00 00 00 00 00  | .8{.............
00000001007C18D0 | D0 2C A2 00 01 00 00 00  00 00 00 50 00 00 00 00  | .,.........P....
00000001007C18E0 | 34 10 1A 00 01 00 00 00  B0 18 7C 00 01 00 00 00  | 4.........|.....
00000001007C18F0 | 00 00 00 00 00 00 00 00  30 00 00 00 00 00 00 00  | ........0.......
00000001007C1900 | E4 9A 00 00 01 00 00 00  EC 9A 00 00 01 00 00 00  | ................
00000001007C1910 | 68 34 7B 00 01 00 00 00  00 01 00 00 00 00 00 00  | h4{.............
00000001007C1920 | 00 00 00 00 00 00 00 00  48 00 00 00 00 00 00 00  | ........H.......
00000001007C1930 | 5C DF 0E 00 01 00 00 00  94 DF 0E 00 01 00 00 00  | \...............
00000001007C1940 | 68 34 7B 00 01 00 00 00  00 04 00 00 00 00 00 00  | h4{.............
00000001007C1950 | 00 00 00 00 00 00 00 00  40 00 00 00 00 00 00 00  | ........@.......
00000001007C1960 | DC E8 06 00 01 00 00 00  0C E9 06 00 01 00 00 00  | ................
00000001007C1970 | DC 38 7B 00 01 00 00 00  00 03 00 00 00 00 00 00  | .8{.............
00000001007C1980 | D0 2C A2 00 01 00 00 00  00 00 00 50 00 00 00 00  | .,.........P....
00000001007C1990 | E0 B8 1A 00 01 00 00 00  60 15 7C 00 01 00 00 00  | ........`.|.....
00000001007C19A0 | D0 2C A2 00 01 00 00 00  00 00 00 50 00 00 00 00  | .,.........P....
00000001007C19B0 | AC 01 1B 00 01 00 00 00  40 11 7C 00 01 00 00 00  | ........@.|.....
00000001007C19C0 | 00 00 00 00 00 00 00 00  20 00 00 00 00 00 00 00  | ........ .......
00000001007C19D0 | DC 38 7B 00 01 00 00 00  00 00 00 00 00 00 00 00  | .8{.............
00000001007C19E0 | D0 2C A2 00 01 00 00 00  00 00 00 50 00 00 00 00  | .,.........P....
00000001007C19F0 | 10 28 1B 00 01 00 00 00  C0 19 7C 00 01 00 00 00  | .(........|.....
00000001007C1A00 | 00 00 00 00 00 00 00 00  20 00 00 00 00 00 00 00  | ........ .......
00000001007C1A10 | 01 39 7B 00 01 00 00 00  00 00 00 00 00 00 00 00  | .9{.............
00000001007C1A20 | D0 2C A2 00 01 00 00 00  00 00 00 50 00 00 00 00  | .,.........P....
00000001007C1A30 | 4C 2E 1B 00 01 00 00 00  00 1A 7C 00 01 00 00 00  | L.........|.....
00000001007C1A40 | 18 00 00 00 01 00 00 00  27 39 7B 00 01 00 00 00  | ........'9{.....
00000001007C1A50 | 32 39 7B 00 01 00 00 00  C0 B2 1B 00 01 00 00 00  | 29{.............
00000001007C1A60 | D0 2C A2 00 01 00 00 00  00 00 00 50 00 00 00 00  | .,.........P....
00000001007C1A70 | 20 E6 1C 00 01 00 00 00  40 11 7C 00 01 00 00 00  |  .......@.|.....
00000001007C1A80 | 00 00 00 00 00 00 00 00  21 00 00 00 00 00 00 00  | ........!.......
00000001007C1A90 | 53 38 7B 00 01 00 00 00  5B 72 7B 00 01 00 00 00  | S8{.....[r{.....
00000001007C1AA0 | A0 3E 7C 00 01 00 00 00  00 00 00 00 00 00 00 00  | .>|.............
00000001007C1AB0 | 38 00 00 00 00 00 00 00  40 1B 17 00 01 00 00 00  | 8.......@.......
00000001007C1AC0 | 7C 1B 17 00 01 00 00 00  FF 39 7B 00 01 00 00 00  | |........9{.....
00000001007C1AD0 | 10 02 00 00 00 00 00 00  00 00 00 00 00 00 00 00  | ................
00000001007C1AE0 | 18 00 00 00 01 00 00 00  27 39 7B 00 01 00 00 00  | ........'9{.....
00000001007C1AF0 | 32 39 7B 00 01 00 00 00  70 99 1F 00 01 00 00 00  | 29{.....p.......
00000001007C1B00 | 00 00 00 00 00 00 00 00  28 00 00 00 00 00 00 00  | ........(.......
00000001007C1B10 | 64 62 00 00 01 00 00 00  70 62 00 00 01 00 00 00  | db......pb......
00000001007C1B20 | 1D 3A 7B 00 01 00 00 00  01 00 00 00 00 00 00 00  | .:{.............
00000001007C1B30 | 70 35 87 00 01 00 00 00  90 35 87 00 01 00 00 00  | p5.......5......
00000001007C1B40 | B0 35 87 00 01 00 00 00  D0 35 87 00 01 00 00 00  | .5.......5......
00000001007C1B50 | D0 2C A2 00 01 00 00 00  00 00 00 50 00 00 00 00  | .,.........P....
00000001007C1B60 | 98 C3 2B 00 01 00 00 00  40 11 7C 00 01 00 00 00  | ..+.....@.|.....
00000001007C1B70 | D0 2C A2 00 01 00 00 00  00 00 00 50 00 00 00 00  | .,.........P....
00000001007C1B80 | CC C3 2B 00 01 00 00 00  40 11 7C 00 01 00 00 00  | ..+.....@.|.....
00000001007C1B90 | D0 2C A2 00 01 00 00 00  00 00 00 50 00 00 00 00  | .,.........P....
00000001007C1BA0 | 00 C4 2B 00 01 00 00 00  40 11 7C 00 01 00 00 00  | ..+.....@.|.....
00000001007C1BB0 | 00 00 00 00 00 00 00 00  30 00 00 00 00 00 00 00  | ........0.......
00000001007C1BC0 | CC EB 08 00 01 00 00 00  20 EE 08 00 01 00 00 00  | ........ .......
00000001007C1BD0 | AD 38 7B 00 01 00 00 00  10 01 00 00 00 00 00 00  | .8{.............
00000001007C1BE0 | 00 00 00 00 00 00 00 00  20 00 00 00 00 00 00 00  | ........ .......
00000001007C1BF0 | FF 39 7B 00 01 00 00 00  00 00 00 00 00 00 00 00  | .9{.............
00000001007C1C00 | D0 2C A2 00 01 00 00 00  00 00 00 50 00 00 00 00  | .,.........P....
00000001007C1C10 | 4C 07 2D 00 01 00 00 00  E0 1B 7C 00 01 00 00 00  | L.-.......|.....
00000001007C1C20 | D0 2C A2 00 01 00 00 00  00 00 00 50 00 00 00 00  | .,.........P....
00000001007C1C30 | C4 0A 2D 00 01 00 00 00  E0 1B 7C 00 01 00 00 00  | ..-.......|.....
00000001007C1C40 | D0 2C A2 00 01 00 00 00  00 00 00 50 00 00 00 00  | .,.........P....
00000001007C1C50 | DC 0D 2D 00 01 00 00 00  E0 1B 7C 00 01 00 00 00  | ..-.......|.....
00000001007C1C60 | D0 2C A2 00 01 00 00 00  00 00 00 50 00 00 00 00  | .,.........P....
00000001007C1C70 | 4C 14 2D 00 01 00 00 00  E0 1B 7C 00 01 00 00 00  | L.-.......|.....
00000001007C1C80 | 00 00 00 00 00 00 00 00  31 00 00 00 00 00 00 00  | ........1.......
00000001007C1C90 | E4 9A 00 00 01 00 00 00  EC 9A 00 00 01 00 00 00  | ................
00000001007C1CA0 | 68 34 7B 00 01 00 00 00  00 01 00 00 00 00 00 00  | h4{.............
00000001007C1CB0 | D0 2C A2 00 01 00 00 00  00 00 00 50 00 00 00 00  | .,.........P....
00000001007C1CC0 | 84 F6 2F 00 01 00 00 00  40 11 7C 00 01 00 00 00  | ../.....@.|.....
00000001007C1CD0 | D0 2C A2 00 01 00 00 00  00 00 00 50 00 00 00 00  | .,.........P....
00000001007C1CE0 | D8 00 31 00 01 00 00 00  40 11 7C 00 01 00 00 00  | ..1.....@.|.....
00000001007C1CF0 | D0 2C A2 00 01 00 00 00  00 00 00 50 00 00 00 00  | .,.........P....
00000001007C1D00 | 98 66 34 00 01 00 00 00  40 11 7C 00 01 00 00 00  | .f4.....@.|.....
00000001007C1D10 | 00 00 00 00 00 00 00 00  28 00 00 00 00 00 00 00  | ........(.......
00000001007C1D20 | E4 9A 00 00 01 00 00 00  EC 9A 00 00 01 00 00 00  | ................
00000001007C1D30 | 6A 3A 7B 00 01 00 00 00  00 01 00 00 00 00 00 00  | j:{.............
00000001007C1D40 | 18 00 00 00 01 00 00 00  27 39 7B 00 01 00 00 00  | ........'9{.....
00000001007C1D50 | 32 39 7B 00 01 00 00 00  20 98 38 00 01 00 00 00  | 29{..... .8.....
00000001007C1D60 | 00 00 00 00 00 00 00 00  99 00 00 00 00 00 00 00  | ................
00000001007C1D70 | C0 FC 03 00 01 00 00 00  E8 FC 03 00 01 00 00 00  | ................
00000001007C1D80 | 68 34 7B 00 01 00 00 00  00 02 00 00 00 00 00 00  | h4{.............
00000001007C1D90 | 00 00 00 00 00 00 00 00  40 00 00 00 00 00 00 00  | ........@.......
00000001007C1DA0 | 78 91 3F 00 01 00 00 00  38 98 3F 00 01 00 00 00  | x.?.....8.?.....
00000001007C1DB0 | 68 34 7B 00 01 00 00 00  30 00 00 00 00 00 00 00  | h4{.....0.......
00000001007C1DC0 | 00 00 00 00 00 00 00 00  30 00 00 00 00 00 00 00  | ........0.......
00000001007C1DD0 | 98 3D 28 00 01 00 00 00  A8 3D 28 00 01 00 00 00  | .=(......=(.....
00000001007C1DE0 | 68 34 7B 00 01 00 00 00  10 00 00 00 00 00 00 00  | h4{.............
00000001007C1DF0 | D0 2C A2 00 01 00 00 00  00 00 00 50 00 00 00 00  | .,.........P....
00000001007C1E00 | A0 CA 3F 00 01 00 00 00  40 11 7C 00 01 00 00 00  | ..?.....@.|.....
00000001007C1E10 | D0 2C A2 00 01 00 00 00  00 00 00 50 00 00 00 00  | .,.........P....
00000001007C1E20 | F0 D0 3F 00 01 00 00 00  40 11 7C 00 01 00 00 00  | ..?.....@.|.....
00000001007C1E30 | D0 2C A2 00 01 00 00 00  00 00 00 50 00 00 00 00  | .,.........P....
00000001007C1E40 | 0C D7 3F 00 01 00 00 00  40 11 7C 00 01 00 00 00  | ..?.....@.|.....
00000001007C1E50 | D0 2C A2 00 01 00 00 00  00 00 00 50 00 00 00 00  | .,.........P....
00000001007C1E60 | 54 DD 3F 00 01 00 00 00  40 11 7C 00 01 00 00 00  | T.?.....@.|.....
00000001007C1E70 | D0 2C A2 00 01 00 00 00  00 00 00 50 00 00 00 00  | .,.........P....
00000001007C1E80 | A8 E3 3F 00 01 00 00 00  40 11 7C 00 01 00 00 00  | ..?.....@.|.....
00000001007C1E90 | D0 2C A2 00 01 00 00 00  00 00 00 50 00 00 00 00  | .,.........P....
00000001007C1EA0 | FC E9 3F 00 01 00 00 00  40 11 7C 00 01 00 00 00  | ..?.....@.|.....
00000001007C1EB0 | D0 2C A2 00 01 00 00 00  00 00 00 50 00 00 00 00  | .,.........P....
00000001007C1EC0 | CC F1 3F 00 01 00 00 00  40 11 7C 00 01 00 00 00  | ..?.....@.|.....
00000001007C1ED0 | D0 2C A2 00 01 00 00 00  00 00 00 50 00 00 00 00  | .,.........P....
00000001007C1EE0 | 18 F8 3F 00 01 00 00 00  40 11 7C 00 01 00 00 00  | ..?.....@.|.....
00000001007C1EF0 | D0 2C A2 00 01 00 00 00  00 00 00 50 00 00 00 00  | .,.........P....
00000001007C1F00 | 54 FE 3F 00 01 00 00 00  40 11 7C 00 01 00 00 00  | T.?.....@.|.....
00000001007C1F10 | D0 2C A2 00 01 00 00 00  00 00 00 50 00 00 00 00  | .,.........P....
00000001007C1F20 | 94 04 40 00 01 00 00 00  40 11 7C 00 01 00 00 00  | ..@.....@.|.....
00000001007C1F30 | D0 2C A2 00 01 00 00 00  00 00 00 50 00 00 00 00  | .,.........P....
00000001007C1F40 | EC 0A 40 00 01 00 00 00  40 11 7C 00 01 00 00 00  | ..@.....@.|.....
00000001007C1F50 | D0 2C A2 00 01 00 00 00  00 00 00 50 00 00 00 00  | .,.........P....
00000001007C1F60 | 6C 11 40 00 01 00 00 00  40 11 7C 00 01 00 00 00  | l.@.....@.|.....
00000001007C1F70 | D0 2C A2 00 01 00 00 00  00 00 00 50 00 00 00 00  | .,.........P....
00000001007C1F80 | CC 18 40 00 01 00 00 00  40 11 7C 00 01 00 00 00  | ..@.....@.|.....
00000001007C1F90 | D0 2C A2 00 01 00 00 00  00 00 00 50 00 00 00 00  | .,.........P....
00000001007C1FA0 | 60 1F 40 00 01 00 00 00  40 11 7C 00 01 00 00 00  | `.@.....@.|.....
00000001007C1FB0 | D0 2C A2 00 01 00 00 00  00 00 00 50 00 00 00 00  | .,.........P....
00000001007C1FC0 | B8 25 40 00 01 00 00 00  40 11 7C 00 01 00 00 00  | .%@.....@.|.....
00000001007C1FD0 | D0 2C A2 00 01 00 00 00  00 00 00 50 00 00 00 00  | .,.........P....
00000001007C1FE0 | AC 2C 40 00 01 00 00 00  40 11 7C 00 01 00 00 00  | .,@.....@.|.....
00000001007C1FF0 | D0 2C A2 00 01 00 00 00  00 00 00 50 00 00 00 00  | .,.........P....
00000001007C2000 | 04 33 40 00 01 00 00 00  40 11 7C 00 01 00 00 00  | .3@.....@.|.....
00000001007C2010 | D0 2C A2 00 01 00 00 00  00 00 00 50 00 00 00 00  | .,.........P....
00000001007C2020 | 38 39 40 00 01 00 00 00  40 11 7C 00 01 00 00 00  | 89@.....@.|.....
00000001007C2030 | D0 2C A2 00 01 00 00 00  00 00 00 50 00 00 00 00  | .,.........P....
00000001007C2040 | 38 40 40 00 01 00 00 00  40 11 7C 00 01 00 00 00  | 8@@.....@.|.....
00000001007C2050 | D0 2C A2 00 01 00 00 00  00 00 00 50 00 00 00 00  | .,.........P....
00000001007C2060 | D4 46 40 00 01 00 00 00  40 11 7C 00 01 00 00 00  | .F@.....@.|.....
00000001007C2070 | D0 2C A2 00 01 00 00 00  00 00 00 50 00 00 00 00  | .,.........P....
00000001007C2080 | 3C 4D 40 00 01 00 00 00  40 11 7C 00 01 00 00 00  | <M@.....@.|.....
00000001007C2090 | D0 2C A2 00 01 00 00 00  00 00 00 50 00 00 00 00  | .,.........P....
00000001007C20A0 | 70 53 40 00 01 00 00 00  40 11 7C 00 01 00 00 00  | pS@.....@.|.....
00000001007C20B0 | D0 2C A2 00 01 00 00 00  00 00 00 50 00 00 00 00  | .,.........P....
00000001007C20C0 | B4 59 40 00 01 00 00 00  40 11 7C 00 01 00 00 00  | .Y@.....@.|.....
00000001007C20D0 | D0 2C A2 00 01 00 00 00  00 00 00 50 00 00 00 00  | .,.........P....
00000001007C20E0 | EC 5F 40 00 01 00 00 00  40 11 7C 00 01 00 00 00  | ._@.....@.|.....
00000001007C20F0 | D0 2C A2 00 01 00 00 00  00 00 00 50 00 00 00 00  | .,.........P....
00000001007C2100 | CC 66 40 00 01 00 00 00  40 11 7C 00 01 00 00 00  | .f@.....@.|.....
00000001007C2110 | 00 00 00 00 00 00 00 00  30 00 00 00 00 00 00 00  | ........0.......
00000001007C2120 | E4 9A 00 00 01 00 00 00  EC 9A 00 00 01 00 00 00  | ................
00000001007C2130 | DC 38 7B 00 01 00 00 00  00 01 00 00 00 00 00 00  | .8{.............
00000001007C2140 | D0 2C A2 00 01 00 00 00  00 00 00 50 00 00 00 00  | .,.........P....
00000001007C2150 | 60 6D 40 00 01 00 00 00  00 1A 7C 00 01 00 00 00  | `m@.......|.....
00000001007C2160 | D0 2C A2 00 01 00 00 00  00 00 00 50 00 00 00 00  | .,.........P....
00000001007C2170 | B8 7F 40 00 01 00 00 00  40 11 7C 00 01 00 00 00  | ..@.....@.|.....
00000001007C2180 | D0 2C A2 00 01 00 00 00  00 00 00 50 00 00 00 00  | .,.........P....
00000001007C2190 | 04 86 40 00 01 00 00 00  40 11 7C 00 01 00 00 00  | ..@.....@.|.....
00000001007C21A0 | D0 2C A2 00 01 00 00 00  00 00 00 50 00 00 00 00  | .,.........P....
00000001007C21B0 | 2C 8C 40 00 01 00 00 00  40 11 7C 00 01 00 00 00  | ,.@.....@.|.....
00000001007C21C0 | D0 2C A2 00 01 00 00 00  00 00 00 50 00 00 00 00  | .,.........P....
00000001007C21D0 | 38 93 40 00 01 00 00 00  40 11 7C 00 01 00 00 00  | 8.@.....@.|.....
00000001007C21E0 | D0 2C A2 00 01 00 00 00  00 00 00 50 00 00 00 00  | .,.........P....
00000001007C21F0 | 58 99 40 00 01 00 00 00  40 11 7C 00 01 00 00 00  | X.@.....@.|.....
00000001007C2200 | D0 2C A2 00 01 00 00 00  00 00 00 50 00 00 00 00  | .,.........P....
00000001007C2210 | CC 9F 40 00 01 00 00 00  40 11 7C 00 01 00 00 00  | ..@.....@.|.....
00000001007C2220 | D0 2C A2 00 01 00 00 00  00 00 00 50 00 00 00 00  | .,.........P....
00000001007C2230 | 08 A1 42 00 01 00 00 00  40 11 7C 00 01 00 00 00  | ..B.....@.|.....
00000001007C2240 | D0 2C A2 00 01 00 00 00  00 00 00 50 00 00 00 00  | .,.........P....
00000001007C2250 | 34 A7 42 00 01 00 00 00  40 11 7C 00 01 00 00 00  | 4.B.....@.|.....
00000001007C2260 | D0 2C A2 00 01 00 00 00  00 00 00 50 00 00 00 00  | .,.........P....
00000001007C2270 | 64 AD 42 00 01 00 00 00  40 11 7C 00 01 00 00 00  | d.B.....@.|.....
00000001007C2280 | D0 2C A2 00 01 00 00 00  00 00 00 50 00 00 00 00  | .,.........P....
00000001007C2290 | A0 B3 42 00 01 00 00 00  40 11 7C 00 01 00 00 00  | ..B.....@.|.....
00000001007C22A0 | D0 2C A2 00 01 00 00 00  00 00 00 50 00 00 00 00  | .,.........P....
00000001007C22B0 | 58 BA 42 00 01 00 00 00  40 11 7C 00 01 00 00 00  | X.B.....@.|.....
00000001007C22C0 | D0 2C A2 00 01 00 00 00  00 00 00 50 00 00 00 00  | .,.........P....
00000001007C22D0 | A8 C0 42 00 01 00 00 00  40 11 7C 00 01 00 00 00  | ..B.....@.|.....
00000001007C22E0 | D0 2C A2 00 01 00 00 00  00 00 00 50 00 00 00 00  | .,.........P....
00000001007C22F0 | 50 C7 42 00 01 00 00 00  40 11 7C 00 01 00 00 00  | P.B.....@.|.....
00000001007C2300 | D0 2C A2 00 01 00 00 00  00 00 00 50 00 00 00 00  | .,.........P....
00000001007C2310 | 8C CE 42 00 01 00 00 00  40 11 7C 00 01 00 00 00  | ..B.....@.|.....
00000001007C2320 | D0 2C A2 00 01 00 00 00  00 00 00 50 00 00 00 00  | .,.........P....
00000001007C2330 | EC D4 42 00 01 00 00 00  40 11 7C 00 01 00 00 00  | ..B.....@.|.....
00000001007C2340 | D0 2C A2 00 01 00 00 00  00 00 00 50 00 00 00 00  | .,.........P....
00000001007C2350 | 28 DB 42 00 01 00 00 00  40 11 7C 00 01 00 00 00  | (.B.....@.|.....
00000001007C2360 | D0 2C A2 00 01 00 00 00  00 00 00 50 00 00 00 00  | .,.........P....
00000001007C2370 | 44 E3 42 00 01 00 00 00  40 11 7C 00 01 00 00 00  | D.B.....@.|.....
00000001007C2380 | D0 2C A2 00 01 00 00 00  00 00 00 50 00 00 00 00  | .,.........P....
00000001007C2390 | 80 E9 42 00 01 00 00 00  40 11 7C 00 01 00 00 00  | ..B.....@.|.....
00000001007C23A0 | D0 2C A2 00 01 00 00 00  00 00 00 50 00 00 00 00  | .,.........P....
00000001007C23B0 | FC AE 43 00 01 00 00 00  40 11 7C 00 01 00 00 00  | ..C.....@.|.....
00000001007C23C0 | D0 2C A2 00 01 00 00 00  00 00 00 50 00 00 00 00  | .,.........P....
00000001007C23D0 | 48 B5 43 00 01 00 00 00  40 11 7C 00 01 00 00 00  | H.C.....@.|.....
00000001007C23E0 | D0 2C A2 00 01 00 00 00  00 00 00 50 00 00 00 00  | .,.........P....
00000001007C23F0 | D8 BB 43 00 01 00 00 00  40 11 7C 00 01 00 00 00  | ..C.....@.|.....
00000001007C2400 | D0 2C A2 00 01 00 00 00  00 00 00 50 00 00 00 00  | .,.........P....
00000001007C2410 | 1C C2 43 00 01 00 00 00  40 11 7C 00 01 00 00 00  | ..C.....@.|.....
00000001007C2420 | D0 2C A2 00 01 00 00 00  00 00 00 50 00 00 00 00  | .,.........P....
00000001007C2430 | 5C C8 43 00 01 00 00 00  40 11 7C 00 01 00 00 00  | \.C.....@.|.....
00000001007C2440 | D0 2C A2 00 01 00 00 00  00 00 00 50 00 00 00 00  | .,.........P....
00000001007C2450 | F8 CE 43 00 01 00 00 00  40 11 7C 00 01 00 00 00  | ..C.....@.|.....
00000001007C2460 | D0 2C A2 00 01 00 00 00  00 00 00 50 00 00 00 00  | .,.........P....
00000001007C2470 | 84 D5 43 00 01 00 00 00  40 11 7C 00 01 00 00 00  | ..C.....@.|.....
00000001007C2480 | D0 2C A2 00 01 00 00 00  00 00 00 50 00 00 00 00  | .,.........P....
00000001007C2490 | C8 DB 43 00 01 00 00 00  40 11 7C 00 01 00 00 00  | ..C.....@.|.....
00000001007C24A0 | D0 2C A2 00 01 00 00 00  00 00 00 50 00 00 00 00  | .,.........P....
00000001007C24B0 | 0C E2 43 00 01 00 00 00  40 11 7C 00 01 00 00 00  | ..C.....@.|.....
00000001007C24C0 | D0 2C A2 00 01 00 00 00  00 00 00 50 00 00 00 00  | .,.........P....
00000001007C24D0 | D0 E8 43 00 01 00 00 00  40 11 7C 00 01 00 00 00  | ..C.....@.|.....
00000001007C24E0 | D0 2C A2 00 01 00 00 00  00 00 00 50 00 00 00 00  | .,.........P....
00000001007C24F0 | 18 EF 43 00 01 00 00 00  40 11 7C 00 01 00 00 00  | ..C.....@.|.....
00000001007C2500 | D0 2C A2 00 01 00 00 00  00 00 00 50 00 00 00 00  | .,.........P....
00000001007C2510 | 60 F5 43 00 01 00 00 00  40 11 7C 00 01 00 00 00  | `.C.....@.|.....
00000001007C2520 | 00 00 00 00 00 00 00 00  48 00 00 00 00 00 00 00  | ........H.......
00000001007C2530 | DC E8 06 00 01 00 00 00  0C E9 06 00 01 00 00 00  | ................
00000001007C2540 | 68 34 7B 00 01 00 00 00  00 03 00 00 00 00 00 00  | h4{.............
00000001007C2550 | 00 00 00 00 00 00 00 00  38 00 00 00 00 00 00 00  | ........8.......
00000001007C2560 | C0 FC 03 00 01 00 00 00  E8 FC 03 00 01 00 00 00  | ................
00000001007C2570 | 68 34 7B 00 01 00 00 00  00 02 00 00 00 00 00 00  | h4{.............
00000001007C2580 | 00 00 00 00 00 00 00 00  40 00 00 00 00 00 00 00  | ........@.......
00000001007C2590 | C0 FC 03 00 01 00 00 00  E8 FC 03 00 01 00 00 00  | ................
00000001007C25A0 | 68 34 7B 00 01 00 00 00  00 02 00 00 00 00 00 00  | h4{.............
00000001007C25B0 | D0 2C A2 00 01 00 00 00  00 00 00 50 00 00 00 00  | .,.........P....
00000001007C25C0 | 30 D2 4B 00 01 00 00 00  40 11 7C 00 01 00 00 00  | 0.K.....@.|.....
00000001007C25D0 | D0 2C A2 00 01 00 00 00  00 00 00 50 00 00 00 00  | .,.........P....
00000001007C25E0 | 2C D3 4B 00 01 00 00 00  40 11 7C 00 01 00 00 00  | ,.K.....@.|.....
00000001007C25F0 | D0 2C A2 00 01 00 00 00  00 00 00 50 00 00 00 00  | .,.........P....
00000001007C2600 | 8C D9 4B 00 01 00 00 00  40 11 7C 00 01 00 00 00  | ..K.....@.|.....
00000001007C2610 | D0 2C A2 00 01 00 00 00  00 00 00 50 00 00 00 00  | .,.........P....
00000001007C2620 | C8 DF 4B 00 01 00 00 00  40 11 7C 00 01 00 00 00  | ..K.....@.|.....
00000001007C2630 | D0 2C A2 00 01 00 00 00  00 00 00 50 00 00 00 00  | .,.........P....
00000001007C2640 | 84 E5 4B 00 01 00 00 00  40 11 7C 00 01 00 00 00  | ..K.....@.|.....
00000001007C2650 | D0 2C A2 00 01 00 00 00  00 00 00 50 00 00 00 00  | .,.........P....
00000001007C2660 | 58 E6 4B 00 01 00 00 00  40 11 7C 00 01 00 00 00  | X.K.....@.|.....
00000001007C2670 | D0 2C A2 00 01 00 00 00  00 00 00 50 00 00 00 00  | .,.........P....
00000001007C2680 | C0 EC 4B 00 01 00 00 00  40 11 7C 00 01 00 00 00  | ..K.....@.|.....
00000001007C2690 | D0 2C A2 00 01 00 00 00  00 00 00 50 00 00 00 00  | .,.........P....
00000001007C26A0 | 64 F3 4B 00 01 00 00 00  40 11 7C 00 01 00 00 00  | d.K.....@.|.....
00000001007C26B0 | D0 2C A2 00 01 00 00 00  00 00 00 50 00 00 00 00  | .,.........P....
00000001007C26C0 | 30 F9 4B 00 01 00 00 00  40 11 7C 00 01 00 00 00  | 0.K.....@.|.....
00000001007C26D0 | 00 00 00 00 00 00 00 00  48 00 00 00 00 00 00 00  | ........H.......
00000001007C26E0 | 74 48 4C 00 01 00 00 00  2C 4F 4C 00 01 00 00 00  | tHL.....,OL.....
00000001007C26F0 | 81 3A 7B 00 01 00 00 00  00 05 00 00 00 00 00 00  | .:{.............
00000001007C2700 | 00 00 00 00 00 00 00 00  28 00 00 00 00 00 00 00  | ........(.......
00000001007C2710 | 98 3D 28 00 01 00 00 00  A8 3D 28 00 01 00 00 00  | .=(......=(.....
00000001007C2720 | 99 3A 7B 00 01 00 00 00  10 00 00 00 00 00 00 00  | .:{.............
00000001007C2730 | 18 00 00 00 01 00 00 00  27 39 7B 00 01 00 00 00  | ........'9{.....
00000001007C2740 | 32 39 7B 00 01 00 00 00  54 2A 55 00 01 00 00 00  | 29{.....T*U.....
00000001007C2750 | 18 00 00 00 01 00 00 00  27 39 7B 00 01 00 00 00  | ........'9{.....
00000001007C2760 | 32 39 7B 00 01 00 00 00  5C 9C 55 00 01 00 00 00  | 29{.....\.U.....
00000001007C2770 | 18 00 00 00 01 00 00 00  27 39 7B 00 01 00 00 00  | ........'9{.....
00000001007C2780 | 32 39 7B 00 01 00 00 00  E8 0B 56 00 01 00 00 00  | 29{.......V.....
00000001007C2790 | 18 00 00 00 01 00 00 00  27 39 7B 00 01 00 00 00  | ........'9{.....
00000001007C27A0 | 32 39 7B 00 01 00 00 00  24 75 56 00 01 00 00 00  | 29{.....$uV.....
00000001007C27B0 | 00 00 00 00 00 00 00 00  28 00 00 00 00 00 00 00  | ........(.......
00000001007C27C0 | E4 6C 09 00 01 00 00 00  EC 9A 00 00 01 00 00 00  | .l..............
00000001007C27D0 | BD 3A 7B 00 01 00 00 00  00 01 00 00 00 00 00 00  | .:{.............
00000001007C27E0 | 00 00 00 00 00 00 00 00  28 00 00 00 00 00 00 00  | ........(.......
00000001007C27F0 | E4 6C 09 00 01 00 00 00  EC 9A 00 00 01 00 00 00  | .l..............
00000001007C2800 | CE 3A 7B 00 01 00 00 00  00 01 00 00 00 00 00 00  | .:{.............
00000001007C2810 | 00 00 00 00 00 00 00 00  28 00 00 00 00 00 00 00  | ........(.......
00000001007C2820 | E4 6C 09 00 01 00 00 00  EC 9A 00 00 01 00 00 00  | .l..............
00000001007C2830 | 9A 38 7B 00 01 00 00 00  00 01 00 00 00 00 00 00  | .8{.............
00000001007C2840 | 18 00 00 00 01 00 00 00  27 39 7B 00 01 00 00 00  | ........'9{.....
00000001007C2850 | 32 39 7B 00 01 00 00 00  6C 45 57 00 01 00 00 00  | 29{.....lEW.....
00000001007C2860 | D0 2C A2 00 01 00 00 00  00 00 00 50 00 00 00 00  | .,.........P....
00000001007C2870 | 34 6B 57 00 01 00 00 00  40 11 7C 00 01 00 00 00  | 4kW.....@.|.....
00000001007C2880 | D0 2C A2 00 01 00 00 00  00 00 00 50 00 00 00 00  | .,.........P....
00000001007C2890 | 54 8A 57 00 01 00 00 00  40 11 7C 00 01 00 00 00  | T.W.....@.|.....
00000001007C28A0 | D0 2C A2 00 01 00 00 00  00 00 00 50 00 00 00 00  | .,.........P....
00000001007C28B0 | 58 D8 58 00 01 00 00 00  E0 1B 7C 00 01 00 00 00  | X.X.......|.....
00000001007C28C0 | D0 2C A2 00 01 00 00 00  00 00 00 50 00 00 00 00  | .,.........P....
00000001007C28D0 | 8C DB 58 00 01 00 00 00  E0 1B 7C 00 01 00 00 00  | ..X.......|.....
00000001007C28E0 | D0 2C A2 00 01 00 00 00  00 00 00 50 00 00 00 00  | .,.........P....
00000001007C28F0 | FC E0 58 00 01 00 00 00  E0 1B 7C 00 01 00 00 00  | ..X.......|.....
00000001007C2900 | D0 2C A2 00 01 00 00 00  00 00 00 50 00 00 00 00  | .,.........P....
00000001007C2910 | 48 E6 58 00 01 00 00 00  E0 1B 7C 00 01 00 00 00  | H.X.......|.....
00000001007C2920 | 00 00 00 00 00 00 00 00  3C 00 00 00 00 00 00 00  | ........<.......
00000001007C2930 | CC EB 08 00 01 00 00 00  20 EE 08 00 01 00 00 00  | ........ .......
00000001007C2940 | 68 34 7B 00 01 00 00 00  10 01 00 00 00 00 00 00  | h4{.............
00000001007C2950 | 00 00 00 00 00 00 00 00  30 00 00 00 00 00 00 00  | ........0.......
00000001007C2960 | CC EB 08 00 01 00 00 00  20 EE 08 00 01 00 00 00  | ........ .......
00000001007C2970 | F1 3A 7B 00 01 00 00 00  10 01 00 00 00 00 00 00  | .:{.............
00000001007C2980 | 00 00 00 00 00 00 00 00  34 00 00 00 00 00 00 00  | ........4.......
00000001007C2990 | B4 96 00 00 01 00 00 00  E4 96 00 00 01 00 00 00  | ................
00000001007C29A0 | 68 34 7B 00 01 00 00 00  01 01 00 00 00 00 00 00  | h4{.............
00000001007C29B0 | 00 00 00 00 00 00 00 00  24 00 00 00 00 00 00 00  | ........$.......
00000001007C29C0 | 68 34 7B 00 01 00 00 00  5B 72 7B 00 01 00 00 00  | h4{.....[r{.....
00000001007C29D0 | 00 00 00 00 00 00 00 00  4A 00 00 00 00 00 00 00  | ........J.......
00000001007C29E0 | 0C D7 5B 00 01 00 00 00  B0 D9 5B 00 01 00 00 00  | ..[.......[.....
00000001007C29F0 | 68 34 7B 00 01 00 00 00  20 03 00 00 00 00 00 00  | h4{..... .......
00000001007C2A00 | 00 00 00 00 00 00 00 00  34 00 00 00 00 00 00 00  | ........4.......
00000001007C2A10 | C0 FC 03 00 01 00 00 00  E8 FC 03 00 01 00 00 00  | ................
00000001007C2A20 | 68 34 7B 00 01 00 00 00  00 02 00 00 00 00 00 00  | h4{.............
00000001007C2A30 | 00 00 00 00 00 00 00 00  48 00 00 00 00 00 00 00  | ........H.......
00000001007C2A40 | 0C D7 5B 00 01 00 00 00  B0 D9 5B 00 01 00 00 00  | ..[.......[.....
00000001007C2A50 | 68 34 7B 00 01 00 00 00  20 03 00 00 00 00 00 00  | h4{..... .......
00000001007C2A60 | 00 00 00 00 00 00 00 00  2C 00 00 00 00 00 00 00  | ........,.......
00000001007C2A70 | E4 9A 00 00 01 00 00 00  EC 9A 00 00 01 00 00 00  | ................
00000001007C2A80 | 68 34 7B 00 01 00 00 00  00 01 00 00 00 00 00 00  | h4{.............
00000001007C2A90 | 00 00 00 00 00 00 00 00  40 00 00 00 00 00 00 00  | ........@.......
00000001007C2AA0 | DC E8 06 00 01 00 00 00  0C E9 06 00 01 00 00 00  | ................
00000001007C2AB0 | 68 34 7B 00 01 00 00 00  00 03 00 00 00 00 00 00  | h4{.............
00000001007C2AC0 | D0 2C A2 00 01 00 00 00  00 00 00 50 00 00 00 00  | .,.........P....
00000001007C2AD0 | C8 65 5D 00 01 00 00 00  40 11 7C 00 01 00 00 00  | .e].....@.|.....
00000001007C2AE0 | D0 2C A2 00 01 00 00 00  00 00 00 50 00 00 00 00  | .,.........P....
00000001007C2AF0 | 34 66 5D 00 01 00 00 00  40 11 7C 00 01 00 00 00  | 4f].....@.|.....
00000001007C2B00 | D0 2C A2 00 01 00 00 00  00 00 00 50 00 00 00 00  | .,.........P....
00000001007C2B10 | 8C 68 5D 00 01 00 00 00  40 11 7C 00 01 00 00 00  | .h].....@.|.....
00000001007C2B20 | D0 2C A2 00 01 00 00 00  00 00 00 50 00 00 00 00  | .,.........P....
00000001007C2B30 | C8 6A 5D 00 01 00 00 00  40 11 7C 00 01 00 00 00  | .j].....@.|.....
00000001007C2B40 | D0 2C A2 00 01 00 00 00  00 00 00 50 00 00 00 00  | .,.........P....
00000001007C2B50 | EC 6C 5D 00 01 00 00 00  40 11 7C 00 01 00 00 00  | .l].....@.|.....
00000001007C2B60 | D0 2C A2 00 01 00 00 00  00 00 00 50 00 00 00 00  | .,.........P....
00000001007C2B70 | 58 6D 5D 00 01 00 00 00  40 11 7C 00 01 00 00 00  | Xm].....@.|.....
00000001007C2B80 | D0 2C A2 00 01 00 00 00  00 00 00 50 00 00 00 00  | .,.........P....
00000001007C2B90 | AC 6F 5D 00 01 00 00 00  40 11 7C 00 01 00 00 00  | .o].....@.|.....
00000001007C2BA0 | D0 2C A2 00 01 00 00 00  00 00 00 50 00 00 00 00  | .,.........P....
00000001007C2BB0 | E0 6F 5D 00 01 00 00 00  40 11 7C 00 01 00 00 00  | .o].....@.|.....
00000001007C2BC0 | D0 2C A2 00 01 00 00 00  00 00 00 50 00 00 00 00  | .,.........P....
00000001007C2BD0 | 14 7E 5D 00 01 00 00 00  40 11 7C 00 01 00 00 00  | .~].....@.|.....
00000001007C2BE0 | D0 2C A2 00 01 00 00 00  00 00 00 50 00 00 00 00  | .,.........P....
00000001007C2BF0 | 48 80 5D 00 01 00 00 00  40 11 7C 00 01 00 00 00  | H.].....@.|.....
00000001007C2C00 | D0 2C A2 00 01 00 00 00  00 00 00 50 00 00 00 00  | .,.........P....
00000001007C2C10 | A0 82 5D 00 01 00 00 00  40 11 7C 00 01 00 00 00  | ..].....@.|.....
00000001007C2C20 | 00 00 00 00 00 00 00 00  3C 00 00 00 00 00 00 00  | ........<.......
00000001007C2C30 | DC E8 06 00 01 00 00 00  0C E9 06 00 01 00 00 00  | ................
00000001007C2C40 | 68 34 7B 00 01 00 00 00  00 03 00 00 00 00 00 00  | h4{.............
00000001007C2C50 | 00 00 00 00 00 00 00 00  3E 00 00 00 00 00 00 00  | ........>.......
00000001007C2C60 | 68 99 00 00 01 00 00 00  A0 99 00 00 01 00 00 00  | h...............
00000001007C2C70 | 68 34 7B 00 01 00 00 00  01 02 00 00 00 00 00 00  | h4{.............
00000001007C2C80 | 00 00 00 00 00 00 00 00  52 00 00 00 00 00 00 00  | ........R.......
00000001007C2C90 | 60 A9 5D 00 01 00 00 00  B0 D9 5B 00 01 00 00 00  | `.].......[.....
00000001007C2CA0 | 68 34 7B 00 01 00 00 00  20 03 00 00 00 00 00 00  | h4{..... .......
00000001007C2CB0 | 00 00 00 00 00 00 00 00  50 00 00 00 00 00 00 00  | ........P.......
00000001007C2CC0 | 60 A9 5D 00 01 00 00 00  B0 D9 5B 00 01 00 00 00  | `.].......[.....
00000001007C2CD0 | 68 34 7B 00 01 00 00 00  20 03 00 00 00 00 00 00  | h4{..... .......
00000001007C2CE0 | 00 00 00 00 00 00 00 00  48 00 00 00 00 00 00 00  | ........H.......
00000001007C2CF0 | AC CF 19 00 01 00 00 00  34 D2 19 00 01 00 00 00  | ........4.......
00000001007C2D00 | 68 34 7B 00 01 00 00 00  20 02 00 00 00 00 00 00  | h4{..... .......
00000001007C2D10 | 00 00 00 00 00 00 00 00  3C 00 00 00 00 00 00 00  | ........<.......
00000001007C2D20 | C0 FC 03 00 01 00 00 00  E8 FC 03 00 01 00 00 00  | ................
00000001007C2D30 | 68 34 7B 00 01 00 00 00  00 02 00 00 00 00 00 00  | h4{.............
00000001007C2D40 | 00 00 00 00 00 00 00 00  40 00 00 00 00 00 00 00  | ........@.......
00000001007C2D50 | 68 99 00 00 01 00 00 00  A0 99 00 00 01 00 00 00  | h...............
00000001007C2D60 | 68 34 7B 00 01 00 00 00  01 02 00 00 00 00 00 00  | h4{.............
00000001007C2D70 | 00 00 00 00 00 00 00 00  42 00 00 00 00 00 00 00  | ........B.......
00000001007C2D80 | 80 59 5F 00 01 00 00 00  94 DF 0E 00 01 00 00 00  | .Y_.............
00000001007C2D90 | 68 34 7B 00 01 00 00 00  00 04 00 00 00 00 00 00  | h4{.............
00000001007C2DA0 | 00 00 00 00 00 00 00 00  40 00 00 00 00 00 00 00  | ........@.......
00000001007C2DB0 | 80 59 5F 00 01 00 00 00  94 DF 0E 00 01 00 00 00  | .Y_.............
00000001007C2DC0 | 68 34 7B 00 01 00 00 00  00 04 00 00 00 00 00 00  | h4{.............
00000001007C2DD0 | 00 00 00 00 00 00 00 00  2C 00 00 00 00 00 00 00  | ........,.......
00000001007C2DE0 | 98 3D 28 00 01 00 00 00  A8 3D 28 00 01 00 00 00  | .=(......=(.....
00000001007C2DF0 | 68 34 7B 00 01 00 00 00  10 00 00 00 00 00 00 00  | h4{.............
00000001007C2E00 | 00 00 00 00 00 00 00 00  48 00 00 00 00 00 00 00  | ........H.......
00000001007C2E10 | CC EB 08 00 01 00 00 00  20 EE 08 00 01 00 00 00  | ........ .......
00000001007C2E20 | 68 34 7B 00 01 00 00 00  10 01 00 00 00 00 00 00  | h4{.............
00000001007C2E30 | 00 00 00 00 00 00 00 00  40 00 00 00 00 00 00 00  | ........@.......
00000001007C2E40 | 5C DF 0E 00 01 00 00 00  94 DF 0E 00 01 00 00 00  | \...............
00000001007C2E50 | 68 34 7B 00 01 00 00 00  00 04 00 00 00 00 00 00  | h4{.............
00000001007C2E60 | 00 00 00 00 00 00 00 00  35 00 00 00 00 00 00 00  | ........5.......
00000001007C2E70 | 00 2A 66 00 01 00 00 00  64 2C 66 00 01 00 00 00  | .*f.....d,f.....
00000001007C2E80 | 68 34 7B 00 01 00 00 00  11 00 00 00 00 00 00 00  | h4{.............
00000001007C2E90 | 00 00 00 00 00 00 00 00  3C 00 00 00 00 00 00 00  | ........<.......
00000001007C2EA0 | 90 2C 66 00 01 00 00 00  D0 2C 66 00 01 00 00 00  | .,f......,f.....
00000001007C2EB0 | 5E 36 7B 00 01 00 00 00  11 01 00 00 00 00 00 00  | ^6{.............
00000001007C2EC0 | 00 00 00 00 00 00 00 00  40 00 00 00 00 00 00 00  | ........@.......
00000001007C2ED0 | 60 2F 66 00 01 00 00 00  E8 31 66 00 01 00 00 00  | `/f......1f.....
00000001007C2EE0 | 68 34 7B 00 01 00 00 00  10 03 00 00 00 00 00 00  | h4{.............
00000001007C2EF0 | D0 2C A2 00 01 00 00 00  00 00 00 50 00 00 00 00  | .,.........P....
00000001007C2F00 | 24 76 66 00 01 00 00 00  40 11 7C 00 01 00 00 00  | $vf.....@.|.....
00000001007C2F10 | D0 2C A2 00 01 00 00 00  00 00 00 50 00 00 00 00  | .,.........P....
00000001007C2F20 | F0 81 67 00 01 00 00 00  40 11 7C 00 01 00 00 00  | ..g.....@.|.....
00000001007C2F30 | D0 2C A2 00 01 00 00 00  00 00 00 50 00 00 00 00  | .,.........P....
00000001007C2F40 | 24 82 67 00 01 00 00 00  40 11 7C 00 01 00 00 00  | $.g.....@.|.....
00000001007C2F50 | D0 2C A2 00 01 00 00 00  00 00 00 50 00 00 00 00  | .,.........P....
00000001007C2F60 | 2C 84 67 00 01 00 00 00  40 11 7C 00 01 00 00 00  | ,.g.....@.|.....
00000001007C2F70 | 00 00 00 00 00 00 00 00  28 00 00 00 00 00 00 00  | ........(.......
00000001007C2F80 | E4 9A 00 00 01 00 00 00  EC 9A 00 00 01 00 00 00  | ................
00000001007C2F90 | F0 3E 7B 00 01 00 00 00  00 01 00 00 00 00 00 00  | .>{.............
00000001007C2FA0 | 00 00 00 00 00 00 00 00  28 00 00 00 00 00 00 00  | ........(.......
00000001007C2FB0 | E4 9A 00 00 01 00 00 00  EC 9A 00 00 01 00 00 00  | ................
00000001007C2FC0 | 9A 38 7B 00 01 00 00 00  00 01 00 00 00 00 00 00  | .8{.............
00000001007C2FD0 | 00 00 00 00 00 00 00 00  4C 00 00 00 00 00 00 00  | ........L.......
00000001007C2FE0 | 74 48 4C 00 01 00 00 00  2C 4F 4C 00 01 00 00 00  | tHL.....,OL.....
00000001007C2FF0 | 68 34 7B 00 01 00 00 00  00 05 00 00 00 00 00 00  | h4{.............
00000001007C3000 | AC 9F 7E 00 01 00 00 00  B0 9F 7E 00 01 00 00 00  | ..~.......~.....
00000001007C3010 | B8 9F 7E 00 01 00 00 00  A0 4F 7C 00 01 00 00 00  | ..~......O|.....
00000001007C3020 | C0 4F 7C 00 01 00 00 00  E0 4F 7C 00 01 00 00 00  | .O|......O|.....
00000001007C3030 | 00 00 00 00 00 00 00 00  28 00 00 00 00 00 00 00  | ........(.......
00000001007C3040 | E4 9A 00 00 01 00 00 00  EC 9A 00 00 01 00 00 00  | ................
00000001007C3050 | 9E 44 7B 00 01 00 00 00  00 01 00 00 00 00 00 00  | .D{.............
00000001007C3060 | 00 00 00 00 00 00 00 00  28 00 00 00 00 00 00 00  | ........(.......
00000001007C3070 | E4 9A 00 00 01 00 00 00  EC 9A 00 00 01 00 00 00  | ................
00000001007C3080 | 9F 46 7B 00 01 00 00 00  00 01 00 00 00 00 00 00  | .F{.............
00000001007C3090 | 00 00 00 00 00 00 00 00  30 00 00 00 00 00 00 00  | ........0.......
00000001007C30A0 | CC EB 08 00 01 00 00 00  20 EE 08 00 01 00 00 00  | ........ .......
00000001007C30B0 | B9 46 7B 00 01 00 00 00  10 01 00 00 00 00 00 00  | .F{.............
00000001007C30C0 | 00 00 00 00 00 00 00 00  38 00 00 00 00 00 00 00  | ........8.......
00000001007C30D0 | B4 96 00 00 01 00 00 00  E4 96 00 00 01 00 00 00  | ................
00000001007C30E0 | 68 34 7B 00 01 00 00 00  01 01 00 00 00 00 00 00  | h4{.............
00000001007C30F0 | 00 00 00 00 00 00 00 00  48 00 00 00 00 00 00 00  | ........H.......
00000001007C3100 | B0 E3 68 00 01 00 00 00  F8 E3 68 00 01 00 00 00  | ..h.......h.....
00000001007C3110 | 68 34 7B 00 01 00 00 00  01 04 00 00 00 00 00 00  | h4{.............
00000001007C3120 | 00 00 00 00 00 00 00 00  28 00 00 00 00 00 00 00  | ........(.......
00000001007C3130 | 98 3D 28 00 01 00 00 00  A8 3D 28 00 01 00 00 00  | .=(......=(.....
00000001007C3140 | 68 34 7B 00 01 00 00 00  10 00 00 00 00 00 00 00  | h4{.............
00000001007C3150 | D0 2C A2 00 01 00 00 00  00 00 00 50 00 00 00 00  | .,.........P....
00000001007C3160 | E4 F3 68 00 01 00 00 00  40 11 7C 00 01 00 00 00  | ..h.....@.|.....
00000001007C3170 | 00 00 00 00 00 00 00 00  30 00 00 00 00 00 00 00  | ........0.......
00000001007C3180 | CC EB 08 00 01 00 00 00  20 EE 08 00 01 00 00 00  | ........ .......
00000001007C3190 | B2 47 7B 00 01 00 00 00  10 01 00 00 00 00 00 00  | .G{.............
00000001007C31A0 | D0 2C A2 00 01 00 00 00  00 00 00 50 00 00 00 00  | .,.........P....
00000001007C31B0 | BC 19 69 00 01 00 00 00  F0 11 7C 00 01 00 00 00  | ..i.......|.....
00000001007C31C0 | D0 2C A2 00 01 00 00 00  00 00 00 50 00 00 00 00  | .,.........P....
00000001007C31D0 | D8 8B 69 00 01 00 00 00  60 15 7C 00 01 00 00 00  | ..i.....`.|.....
00000001007C31E0 | 00 00 00 00 00 00 00 00  40 00 00 00 00 00 00 00  | ........@.......
00000001007C31F0 | F0 A5 69 00 01 00 00 00  30 A6 69 00 01 00 00 00  | ..i.....0.i.....
00000001007C3200 | 68 34 7B 00 01 00 00 00  01 03 00 00 00 00 00 00  | h4{.............
00000001007C3210 | D0 2C A2 00 01 00 00 00  00 00 00 50 00 00 00 00  | .,.........P....
00000001007C3220 | A8 B3 69 00 01 00 00 00  40 11 7C 00 01 00 00 00  | ..i.....@.|.....
00000001007C3230 | D0 2C A2 00 01 00 00 00  00 00 00 50 00 00 00 00  | .,.........P....
00000001007C3240 | 0C B5 69 00 01 00 00 00  40 11 7C 00 01 00 00 00  | ..i.....@.|.....
00000001007C3250 | D0 2C A2 00 01 00 00 00  00 00 00 50 00 00 00 00  | .,.........P....
00000001007C3260 | 68 74 6A 00 01 00 00 00  40 11 7C 00 01 00 00 00  | htj.....@.|.....
00000001007C3270 | D0 2C A2 00 01 00 00 00  00 00 00 50 00 00 00 00  | .,.........P....
00000001007C3280 | A0 76 6A 00 01 00 00 00  40 11 7C 00 01 00 00 00  | .vj.....@.|.....
00000001007C3290 | D0 2C A2 00 01 00 00 00  00 00 00 50 00 00 00 00  | .,.........P....
00000001007C32A0 | 00 79 6A 00 01 00 00 00  40 11 7C 00 01 00 00 00  | .yj.....@.|.....
00000001007C32B0 | 00 00 00 00 00 00 00 00  30 00 00 00 00 00 00 00  | ........0.......
00000001007C32C0 | 74 26 6D 00 01 00 00 00  E8 FC 03 00 01 00 00 00  | t&m.............
00000001007C32D0 | B2 4B 7B 00 01 00 00 00  00 02 00 00 00 00 00 00  | .K{.............
00000001007C32E0 | D0 2C A2 00 01 00 00 00  00 00 00 50 00 00 00 00  | .,.........P....
00000001007C32F0 | 54 44 6E 00 01 00 00 00  40 11 7C 00 01 00 00 00  | TDn.....@.|.....
00000001007C3300 | D0 2C A2 00 01 00 00 00  00 00 00 50 00 00 00 00  | .,.........P....
00000001007C3310 | EC BC 74 00 01 00 00 00  E0 15 7C 00 01 00 00 00  | ..t.......|.....
00000001007C3320 | D0 2C A2 00 01 00 00 00  00 00 00 50 00 00 00 00  | .,.........P....
00000001007C3330 | CC BE 74 00 01 00 00 00  E0 15 7C 00 01 00 00 00  | ..t.......|.....
00000001007C3340 | D0 2C A2 00 01 00 00 00  00 00 00 50 00 00 00 00  | .,.........P....
00000001007C3350 | 60 C7 74 00 01 00 00 00  B0 11 7C 00 01 00 00 00  | `.t.......|.....
00000001007C3360 | 00 00 00 00 00 00 00 00  28 00 00 00 00 00 00 00  | ........(.......
00000001007C3370 | E4 6C 09 00 01 00 00 00  EC 9A 00 00 01 00 00 00  | .l..............
00000001007C3380 | 5E 36 7B 00 01 00 00 00  00 01 00 00 00 00 00 00  | ^6{.............
00000001007C3390 | 00 00 00 00 00 00 00 00  30 00 00 00 00 00 00 00  | ........0.......
00000001007C33A0 | 74 26 6D 00 01 00 00 00  E8 FC 03 00 01 00 00 00  | t&m.............
00000001007C33B0 | 5E 36 7B 00 01 00 00 00  00 02 00 00 00 00 00 00  | ^6{.............
00000001007C33C0 | 00 00 00 00 00 00 00 00  38 00 00 00 00 00 00 00  | ........8.......
00000001007C33D0 | 74 26 6D 00 01 00 00 00  E8 FC 03 00 01 00 00 00  | t&m.............
00000001007C33E0 | 5E 36 7B 00 01 00 00 00  00 02 00 00 00 00 00 00  | ^6{.............
00000001007C33F0 | 00 00 00 00 00 00 00 00  3C 00 00 00 00 00 00 00  | ........<.......
00000001007C3400 | 38 81 09 00 01 00 00 00  0C E9 06 00 01 00 00 00  | 8...............
00000001007C3410 | 5E 36 7B 00 01 00 00 00  00 03 00 00 00 00 00 00  | ^6{.............
00000001007C3420 | 00 00 00 00 00 00 00 00  31 00 00 00 00 00 00 00  | ........1.......
00000001007C3430 | C0 FC 03 00 01 00 00 00  E8 FC 03 00 01 00 00 00  | ................
00000001007C3440 | 68 34 7B 00 01 00 00 00  00 02 00 00 00 00 00 00  | h4{.............
00000001007C3450 | 00 00 00 00 00 00 00 00  34 00 00 00 00 00 00 00  | ........4.......
00000001007C3460 | 74 26 6D 00 01 00 00 00  E8 FC 03 00 01 00 00 00  | t&m.............
00000001007C3470 | 5E 36 7B 00 01 00 00 00  00 02 00 00 00 00 00 00  | ^6{.............
00000001007C3480 | 00 00 00 00 00 00 00 00  38 00 00 00 00 00 00 00  | ........8.......
00000001007C3490 | 68 D2 76 00 01 00 00 00  A0 99 00 00 01 00 00 00  | h.v.............
00000001007C34A0 | 5E 36 7B 00 01 00 00 00  01 02 00 00 00 00 00 00  | ^6{.............
00000001007C34B0 | 00 00 00 00 00 00 00 00  60 00 00 00 00 00 00 00  | ........`.......
00000001007C34C0 | E4 D4 76 00 01 00 00 00  E4 96 00 00 01 00 00 00  | ..v.............
00000001007C34D0 | 68 34 7B 00 01 00 00 00  01 01 00 00 00 00 00 00  | h4{.............
00000001007C34E0 | 00 00 00 00 00 00 00 00  48 00 00 00 00 00 00 00  | ........H.......
00000001007C34F0 | 64 62 00 00 01 00 00 00  70 62 00 00 01 00 00 00  | db......pb......
00000001007C3500 | 68 34 7B 00 01 00 00 00  01 00 00 00 00 00 00 00  | h4{.............
00000001007C3510 | 00 00 00 00 00 00 00 00  32 00 00 00 00 00 00 00  | ........2.......
00000001007C3520 | E4 D4 76 00 01 00 00 00  E4 96 00 00 01 00 00 00  | ..v.............
00000001007C3530 | 68 34 7B 00 01 00 00 00  01 01 00 00 00 00 00 00  | h4{.............
00000001007C3540 | 00 00 00 00 00 00 00 00  40 00 00 00 00 00 00 00  | ........@.......
00000001007C3550 | 68 D2 76 00 01 00 00 00  A0 99 00 00 01 00 00 00  | h.v.............
00000001007C3560 | 68 34 7B 00 01 00 00 00  01 02 00 00 00 00 00 00  | h4{.............
00000001007C3570 | 00 00 00 00 00 00 00 00  20 00 00 00 00 00 00 00  | ........ .......
00000001007C3580 | 52 57 7B 00 01 00 00 00  00 00 00 00 00 00 00 00  | RW{.............
00000001007C3590 | D0 2C A2 00 01 00 00 00  00 00 00 50 00 00 00 00  | .,.........P....
00000001007C35A0 | FC F9 76 00 01 00 00 00  70 35 7C 00 01 00 00 00  | ..v.....p5|.....
00000001007C35B0 | D0 2C A2 00 01 00 00 00  00 00 00 50 00 00 00 00  | .,.........P....
00000001007C35C0 | 60 FA 76 00 01 00 00 00  F0 11 7C 00 01 00 00 00  | `.v.......|.....
00000001007C35D0 | D0 2C A2 00 01 00 00 00  00 00 00 50 00 00 00 00  | .,.........P....
00000001007C35E0 | 60 12 77 00 01 00 00 00  40 11 7C 00 01 00 00 00  | `.w.....@.|.....
00000001007C35F0 | 00 00 00 00 00 00 00 00  30 00 00 00 00 00 00 00  | ........0.......
00000001007C3600 | C0 38 77 00 01 00 00 00  E8 FC 03 00 01 00 00 00  | .8w.............
00000001007C3610 | AD 38 7B 00 01 00 00 00  00 02 00 00 00 00 00 00  | .8{.............
00000001007C3620 | 00 00 00 00 00 00 00 00  38 00 00 00 00 00 00 00  | ........8.......
00000001007C3630 | 78 91 3F 00 01 00 00 00  38 98 3F 00 01 00 00 00  | x.?.....8.?.....
00000001007C3640 | 68 34 7B 00 01 00 00 00  30 00 00 00 00 00 00 00  | h4{.....0.......
00000001007C3650 | 00 00 00 00 00 00 00 00  38 00 00 00 00 00 00 00  | ........8.......
00000001007C3660 | E0 A0 77 00 01 00 00 00  0C E9 06 00 01 00 00 00  | ..w.............
00000001007C3670 | 68 34 7B 00 01 00 00 00  00 03 00 00 00 00 00 00  | h4{.............
00000001007C3680 | 00 00 00 00 00 00 00 00  30 00 00 00 00 00 00 00  | ........0.......
00000001007C3690 | C0 38 77 00 01 00 00 00  E8 FC 03 00 01 00 00 00  | .8w.............
00000001007C36A0 | DC 38 7B 00 01 00 00 00  00 02 00 00 00 00 00 00  | .8{.............
00000001007C36B0 | 00 00 00 00 00 00 00 00  28 00 00 00 00 00 00 00  | ........(.......
00000001007C36C0 | E4 6C 09 00 01 00 00 00  EC 9A 00 00 01 00 00 00  | .l..............
00000001007C36D0 | 01 39 7B 00 01 00 00 00  00 01 00 00 00 00 00 00  | .9{.............
00000001007C36E0 | D0 2C A2 00 01 00 00 00  00 00 00 50 00 00 00 00  | .,.........P....
00000001007C36F0 | 74 8C 78 00 01 00 00 00  40 11 7C 00 01 00 00 00  | t.x.....@.|.....
00000001007C3700 | 00 00 00 00 00 00 00 00  48 00 00 00 00 00 00 00  | ........H.......
00000001007C3710 | E4 9A 00 00 01 00 00 00  EC 9A 00 00 01 00 00 00  | ................
00000001007C3720 | 68 34 7B 00 01 00 00 00  00 01 00 00 00 00 00 00  | h4{.............
00000001007C3730 | 00 00 00 00 00 00 00 00  30 00 00 00 00 00 00 00  | ........0.......
00000001007C3740 | C0 FC 03 00 01 00 00 00  E8 FC 03 00 01 00 00 00  | ................
00000001007C3750 | DC 38 7B 00 01 00 00 00  00 02 00 00 00 00 00 00  | .8{.............
00000001007C3760 | 00 00 00 00 00 00 00 00  20 00 00 00 00 00 00 00  | ........ .......
00000001007C3770 | 9E 44 7B 00 01 00 00 00  00 00 00 00 00 00 00 00  | .D{.............
00000001007C3780 | D0 2C A2 00 01 00 00 00  00 00 00 50 00 00 00 00  | .,.........P....
00000001007C3790 | 44 6A 79 00 01 00 00 00  60 37 7C 00 01 00 00 00  | Djy.....`7|.....
00000001007C37A0 | D0 2C A2 00 01 00 00 00  00 00 00 50 00 00 00 00  | .,.........P....
00000001007C37B0 | 38 6B 79 00 01 00 00 00  60 37 7C 00 01 00 00 00  | 8ky.....`7|.....
