# Memory dump: 0x1007c37c0 - 0x1007c7ba0
# Segment: __cfstring
#============================================================================

# Address        | Hex Bytes                                       | ASCII
#----------------------------------------------------------------------------
00000001007C37C0 | 28 33 A2 00 01 00 00 00  C8 07 00 00 00 00 00 00  | (3..............
00000001007C37D0 | 6E 34 7B 00 01 00 00 00  07 00 00 00 00 00 00 00  | n4{.............
00000001007C37E0 | 28 33 A2 00 01 00 00 00  C8 07 00 00 00 00 00 00  | (3..............
00000001007C37F0 | 76 34 7B 00 01 00 00 00  08 00 00 00 00 00 00 00  | v4{.............
00000001007C3800 | 28 33 A2 00 01 00 00 00  C8 07 00 00 00 00 00 00  | (3..............
00000001007C3810 | 7F 34 7B 00 01 00 00 00  10 00 00 00 00 00 00 00  | .4{.............
00000001007C3820 | 28 33 A2 00 01 00 00 00  C8 07 00 00 00 00 00 00  | (3..............
00000001007C3830 | 90 34 7B 00 01 00 00 00  0F 00 00 00 00 00 00 00  | .4{.............
00000001007C3840 | 28 33 A2 00 01 00 00 00  C8 07 00 00 00 00 00 00  | (3..............
00000001007C3850 | A0 34 7B 00 01 00 00 00  11 00 00 00 00 00 00 00  | .4{.............
00000001007C3860 | 28 33 A2 00 01 00 00 00  C8 07 00 00 00 00 00 00  | (3..............
00000001007C3870 | B2 34 7B 00 01 00 00 00  17 00 00 00 00 00 00 00  | .4{.............
00000001007C3880 | 28 33 A2 00 01 00 00 00  C8 07 00 00 00 00 00 00  | (3..............
00000001007C3890 | CA 34 7B 00 01 00 00 00  23 00 00 00 00 00 00 00  | .4{.....#.......
00000001007C38A0 | 28 33 A2 00 01 00 00 00  C8 07 00 00 00 00 00 00  | (3..............
00000001007C38B0 | EE 34 7B 00 01 00 00 00  1E 00 00 00 00 00 00 00  | .4{.............
00000001007C38C0 | 28 33 A2 00 01 00 00 00  C8 07 00 00 00 00 00 00  | (3..............
00000001007C38D0 | 0D 35 7B 00 01 00 00 00  03 00 00 00 00 00 00 00  | .5{.............
00000001007C38E0 | 28 33 A2 00 01 00 00 00  C8 07 00 00 00 00 00 00  | (3..............
00000001007C38F0 | 11 35 7B 00 01 00 00 00  02 00 00 00 00 00 00 00  | .5{.............
00000001007C3900 | 28 33 A2 00 01 00 00 00  C8 07 00 00 00 00 00 00  | (3..............
00000001007C3910 | 14 35 7B 00 01 00 00 00  15 00 00 00 00 00 00 00  | .5{.............
00000001007C3920 | 28 33 A2 00 01 00 00 00  C8 07 00 00 00 00 00 00  | (3..............
00000001007C3930 | 2A 35 7B 00 01 00 00 00  16 00 00 00 00 00 00 00  | *5{.............
00000001007C3940 | 28 33 A2 00 01 00 00 00  C8 07 00 00 00 00 00 00  | (3..............
00000001007C3950 | 41 35 7B 00 01 00 00 00  25 00 00 00 00 00 00 00  | A5{.....%.......
00000001007C3960 | 28 33 A2 00 01 00 00 00  C8 07 00 00 00 00 00 00  | (3..............
00000001007C3970 | 67 35 7B 00 01 00 00 00  04 00 00 00 00 00 00 00  | g5{.............
00000001007C3980 | 28 33 A2 00 01 00 00 00  C8 07 00 00 00 00 00 00  | (3..............
00000001007C3990 | 6C 35 7B 00 01 00 00 00  02 00 00 00 00 00 00 00  | l5{.............
00000001007C39A0 | 28 33 A2 00 01 00 00 00  C8 07 00 00 00 00 00 00  | (3..............
00000001007C39B0 | 6F 35 7B 00 01 00 00 00  29 00 00 00 00 00 00 00  | o5{.....).......
00000001007C39C0 | 28 33 A2 00 01 00 00 00  C8 07 00 00 00 00 00 00  | (3..............
00000001007C39D0 | 99 35 7B 00 01 00 00 00  2A 00 00 00 00 00 00 00  | .5{.....*.......
00000001007C39E0 | 28 33 A2 00 01 00 00 00  C8 07 00 00 00 00 00 00  | (3..............
00000001007C39F0 | C4 35 7B 00 01 00 00 00  32 00 00 00 00 00 00 00  | .5{.....2.......
00000001007C3A00 | 28 33 A2 00 01 00 00 00  C8 07 00 00 00 00 00 00  | (3..............
00000001007C3A10 | F7 35 7B 00 01 00 00 00  2E 00 00 00 00 00 00 00  | .5{.............
00000001007C3A20 | 28 33 A2 00 01 00 00 00  C8 07 00 00 00 00 00 00  | (3..............
00000001007C3A30 | 26 36 7B 00 01 00 00 00  22 00 00 00 00 00 00 00  | &6{.....".......
00000001007C3A40 | 28 33 A2 00 01 00 00 00  C8 07 00 00 00 00 00 00  | (3..............
00000001007C3A50 | 49 36 7B 00 01 00 00 00  14 00 00 00 00 00 00 00  | I6{.............
00000001007C3A60 | 28 33 A2 00 01 00 00 00  C8 07 00 00 00 00 00 00  | (3..............
00000001007C3A70 | 67 36 7B 00 01 00 00 00  2B 00 00 00 00 00 00 00  | g6{.....+.......
00000001007C3A80 | 28 33 A2 00 01 00 00 00  C8 07 00 00 00 00 00 00  | (3..............
00000001007C3A90 | 93 36 7B 00 01 00 00 00  41 00 00 00 00 00 00 00  | .6{.....A.......
00000001007C3AA0 | 28 33 A2 00 01 00 00 00  C8 07 00 00 00 00 00 00  | (3..............
00000001007C3AB0 | D5 36 7B 00 01 00 00 00  0D 00 00 00 00 00 00 00  | .6{.............
00000001007C3AC0 | 28 33 A2 00 01 00 00 00  C8 07 00 00 00 00 00 00  | (3..............
00000001007C3AD0 | E3 36 7B 00 01 00 00 00  15 00 00 00 00 00 00 00  | .6{.............
00000001007C3AE0 | 28 33 A2 00 01 00 00 00  C8 07 00 00 00 00 00 00  | (3..............
00000001007C3AF0 | F9 36 7B 00 01 00 00 00  0F 00 00 00 00 00 00 00  | .6{.............
00000001007C3B00 | 28 33 A2 00 01 00 00 00  C8 07 00 00 00 00 00 00  | (3..............
00000001007C3B10 | 09 37 7B 00 01 00 00 00  20 00 00 00 00 00 00 00  | .7{..... .......
00000001007C3B20 | 28 33 A2 00 01 00 00 00  C8 07 00 00 00 00 00 00  | (3..............
00000001007C3B30 | 2A 37 7B 00 01 00 00 00  1B 00 00 00 00 00 00 00  | *7{.............
00000001007C3B40 | 28 33 A2 00 01 00 00 00  C8 07 00 00 00 00 00 00  | (3..............
00000001007C3B50 | 46 37 7B 00 01 00 00 00  1E 00 00 00 00 00 00 00  | F7{.............
00000001007C3B60 | 28 33 A2 00 01 00 00 00  C8 07 00 00 00 00 00 00  | (3..............
00000001007C3B70 | 65 37 7B 00 01 00 00 00  17 00 00 00 00 00 00 00  | e7{.............
00000001007C3B80 | 28 33 A2 00 01 00 00 00  C8 07 00 00 00 00 00 00  | (3..............
00000001007C3B90 | 7D 37 7B 00 01 00 00 00  1F 00 00 00 00 00 00 00  | }7{.............
00000001007C3BA0 | 28 33 A2 00 01 00 00 00  C8 07 00 00 00 00 00 00  | (3..............
00000001007C3BB0 | 9D 37 7B 00 01 00 00 00  27 00 00 00 00 00 00 00  | .7{.....'.......
00000001007C3BC0 | 28 33 A2 00 01 00 00 00  C8 07 00 00 00 00 00 00  | (3..............
00000001007C3BD0 | C5 37 7B 00 01 00 00 00  25 00 00 00 00 00 00 00  | .7{.....%.......
00000001007C3BE0 | 28 33 A2 00 01 00 00 00  C8 07 00 00 00 00 00 00  | (3..............
00000001007C3BF0 | EB 37 7B 00 01 00 00 00  25 00 00 00 00 00 00 00  | .7{.....%.......
00000001007C3C00 | 28 33 A2 00 01 00 00 00  C8 07 00 00 00 00 00 00  | (3..............
00000001007C3C10 | 11 38 7B 00 01 00 00 00  1E 00 00 00 00 00 00 00  | .8{.............
00000001007C3C20 | 28 33 A2 00 01 00 00 00  C8 07 00 00 00 00 00 00  | (3..............
00000001007C3C30 | 30 38 7B 00 01 00 00 00  04 00 00 00 00 00 00 00  | 08{.............
00000001007C3C40 | 28 33 A2 00 01 00 00 00  C8 07 00 00 00 00 00 00  | (3..............
00000001007C3C50 | 35 38 7B 00 01 00 00 00  08 00 00 00 00 00 00 00  | 58{.............
00000001007C3C60 | 28 33 A2 00 01 00 00 00  C8 07 00 00 00 00 00 00  | (3..............
00000001007C3C70 | 3E 38 7B 00 01 00 00 00  04 00 00 00 00 00 00 00  | >8{.............
00000001007C3C80 | 28 33 A2 00 01 00 00 00  C8 07 00 00 00 00 00 00  | (3..............
00000001007C3C90 | 43 38 7B 00 01 00 00 00  02 00 00 00 00 00 00 00  | C8{.............
00000001007C3CA0 | 28 33 A2 00 01 00 00 00  C8 07 00 00 00 00 00 00  | (3..............
00000001007C3CB0 | 46 38 7B 00 01 00 00 00  02 00 00 00 00 00 00 00  | F8{.............
00000001007C3CC0 | 28 33 A2 00 01 00 00 00  C8 07 00 00 00 00 00 00  | (3..............
00000001007C3CD0 | 49 38 7B 00 01 00 00 00  00 00 00 00 00 00 00 00  | I8{.............
00000001007C3CE0 | 28 33 A2 00 01 00 00 00  C8 07 00 00 00 00 00 00  | (3..............
00000001007C3CF0 | 4F 39 7B 00 01 00 00 00  21 00 00 00 00 00 00 00  | O9{.....!.......
00000001007C3D00 | 28 33 A2 00 01 00 00 00  C8 07 00 00 00 00 00 00  | (3..............
00000001007C3D10 | 71 39 7B 00 01 00 00 00  09 00 00 00 00 00 00 00  | q9{.............
00000001007C3D20 | 28 33 A2 00 01 00 00 00  D0 07 00 00 00 00 00 00  | (3..............
00000001007C3D30 | 6E C4 7B 00 01 00 00 00  25 00 00 00 00 00 00 00  | n.{.....%.......
00000001007C3D40 | 28 33 A2 00 01 00 00 00  D0 07 00 00 00 00 00 00  | (3..............
00000001007C3D50 | BA C4 7B 00 01 00 00 00  22 00 00 00 00 00 00 00  | ..{.....".......
00000001007C3D60 | 28 33 A2 00 01 00 00 00  C8 07 00 00 00 00 00 00  | (3..............
00000001007C3D70 | 7B 39 7B 00 01 00 00 00  04 00 00 00 00 00 00 00  | {9{.............
00000001007C3D80 | 28 33 A2 00 01 00 00 00  C8 07 00 00 00 00 00 00  | (3..............
00000001007C3D90 | 80 39 7B 00 01 00 00 00  09 00 00 00 00 00 00 00  | .9{.............
00000001007C3DA0 | 28 33 A2 00 01 00 00 00  C8 07 00 00 00 00 00 00  | (3..............
00000001007C3DB0 | 8A 39 7B 00 01 00 00 00  10 00 00 00 00 00 00 00  | .9{.............
00000001007C3DC0 | 28 33 A2 00 01 00 00 00  C8 07 00 00 00 00 00 00  | (3..............
00000001007C3DD0 | 9B 39 7B 00 01 00 00 00  03 00 00 00 00 00 00 00  | .9{.............
00000001007C3DE0 | 28 33 A2 00 01 00 00 00  C8 07 00 00 00 00 00 00  | (3..............
00000001007C3DF0 | 9F 39 7B 00 01 00 00 00  0E 00 00 00 00 00 00 00  | .9{.............
00000001007C3E00 | 28 33 A2 00 01 00 00 00  C8 07 00 00 00 00 00 00  | (3..............
00000001007C3E10 | AE 39 7B 00 01 00 00 00  0C 00 00 00 00 00 00 00  | .9{.............
00000001007C3E20 | 28 33 A2 00 01 00 00 00  C8 07 00 00 00 00 00 00  | (3..............
00000001007C3E30 | BB 39 7B 00 01 00 00 00  11 00 00 00 00 00 00 00  | .9{.............
00000001007C3E40 | 28 33 A2 00 01 00 00 00  C8 07 00 00 00 00 00 00  | (3..............
00000001007C3E50 | CD 39 7B 00 01 00 00 00  0B 00 00 00 00 00 00 00  | .9{.............
00000001007C3E60 | 28 33 A2 00 01 00 00 00  C8 07 00 00 00 00 00 00  | (3..............
00000001007C3E70 | D9 39 7B 00 01 00 00 00  01 00 00 00 00 00 00 00  | .9{.............
00000001007C3E80 | 28 33 A2 00 01 00 00 00  C8 07 00 00 00 00 00 00  | (3..............
00000001007C3E90 | DB 39 7B 00 01 00 00 00  06 00 00 00 00 00 00 00  | .9{.............
00000001007C3EA0 | 28 33 A2 00 01 00 00 00  C8 07 00 00 00 00 00 00  | (3..............
00000001007C3EB0 | E2 39 7B 00 01 00 00 00  1C 00 00 00 00 00 00 00  | .9{.............
00000001007C3EC0 | 28 33 A2 00 01 00 00 00  C8 07 00 00 00 00 00 00  | (3..............
00000001007C3ED0 | 3E 3A 7B 00 01 00 00 00  17 00 00 00 00 00 00 00  | >:{.............
00000001007C3EE0 | 28 33 A2 00 01 00 00 00  D0 07 00 00 00 00 00 00  | (3..............
00000001007C3EF0 | 00 C5 7B 00 01 00 00 00  07 00 00 00 00 00 00 00  | ..{.............
00000001007C3F00 | 28 33 A2 00 01 00 00 00  C8 07 00 00 00 00 00 00  | (3..............
00000001007C3F10 | 05 3B 7B 00 01 00 00 00  02 00 00 00 00 00 00 00  | .;{.............
00000001007C3F20 | 28 33 A2 00 01 00 00 00  C8 07 00 00 00 00 00 00  | (3..............
00000001007C3F30 | 08 3B 7B 00 01 00 00 00  10 00 00 00 00 00 00 00  | .;{.............
00000001007C3F40 | 28 33 A2 00 01 00 00 00  C8 07 00 00 00 00 00 00  | (3..............
00000001007C3F50 | 19 3B 7B 00 01 00 00 00  11 00 00 00 00 00 00 00  | .;{.............
00000001007C3F60 | 28 33 A2 00 01 00 00 00  C8 07 00 00 00 00 00 00  | (3..............
00000001007C3F70 | 2B 3B 7B 00 01 00 00 00  10 00 00 00 00 00 00 00  | +;{.............
00000001007C3F80 | 28 33 A2 00 01 00 00 00  C8 07 00 00 00 00 00 00  | (3..............
00000001007C3F90 | 3C 3B 7B 00 01 00 00 00  11 00 00 00 00 00 00 00  | <;{.............
00000001007C3FA0 | 28 33 A2 00 01 00 00 00  C8 07 00 00 00 00 00 00  | (3..............
00000001007C3FB0 | 4E 3B 7B 00 01 00 00 00  0E 00 00 00 00 00 00 00  | N;{.............
00000001007C3FC0 | 28 33 A2 00 01 00 00 00  C8 07 00 00 00 00 00 00  | (3..............
00000001007C3FD0 | 5D 3B 7B 00 01 00 00 00  0E 00 00 00 00 00 00 00  | ];{.............
00000001007C3FE0 | 28 33 A2 00 01 00 00 00  C8 07 00 00 00 00 00 00  | (3..............
00000001007C3FF0 | 6C 3B 7B 00 01 00 00 00  0E 00 00 00 00 00 00 00  | l;{.............
00000001007C4000 | 28 33 A2 00 01 00 00 00  C8 07 00 00 00 00 00 00  | (3..............
00000001007C4010 | 7B 3B 7B 00 01 00 00 00  0E 00 00 00 00 00 00 00  | {;{.............
00000001007C4020 | 28 33 A2 00 01 00 00 00  C8 07 00 00 00 00 00 00  | (3..............
00000001007C4030 | 8A 3B 7B 00 01 00 00 00  0F 00 00 00 00 00 00 00  | .;{.............
00000001007C4040 | 28 33 A2 00 01 00 00 00  C8 07 00 00 00 00 00 00  | (3..............
00000001007C4050 | 9A 3B 7B 00 01 00 00 00  0E 00 00 00 00 00 00 00  | .;{.............
00000001007C4060 | 28 33 A2 00 01 00 00 00  C8 07 00 00 00 00 00 00  | (3..............
00000001007C4070 | A9 3B 7B 00 01 00 00 00  0E 00 00 00 00 00 00 00  | .;{.............
00000001007C4080 | 28 33 A2 00 01 00 00 00  C8 07 00 00 00 00 00 00  | (3..............
00000001007C4090 | B8 3B 7B 00 01 00 00 00  0A 00 00 00 00 00 00 00  | .;{.............
00000001007C40A0 | 28 33 A2 00 01 00 00 00  C8 07 00 00 00 00 00 00  | (3..............
00000001007C40B0 | C3 3B 7B 00 01 00 00 00  0F 00 00 00 00 00 00 00  | .;{.............
00000001007C40C0 | 28 33 A2 00 01 00 00 00  C8 07 00 00 00 00 00 00  | (3..............
00000001007C40D0 | D3 3B 7B 00 01 00 00 00  0C 00 00 00 00 00 00 00  | .;{.............
00000001007C40E0 | 28 33 A2 00 01 00 00 00  C8 07 00 00 00 00 00 00  | (3..............
00000001007C40F0 | E0 3B 7B 00 01 00 00 00  0A 00 00 00 00 00 00 00  | .;{.............
00000001007C4100 | 28 33 A2 00 01 00 00 00  C8 07 00 00 00 00 00 00  | (3..............
00000001007C4110 | EB 3B 7B 00 01 00 00 00  09 00 00 00 00 00 00 00  | .;{.............
00000001007C4120 | 28 33 A2 00 01 00 00 00  C8 07 00 00 00 00 00 00  | (3..............
00000001007C4130 | F5 3B 7B 00 01 00 00 00  09 00 00 00 00 00 00 00  | .;{.............
00000001007C4140 | 28 33 A2 00 01 00 00 00  C8 07 00 00 00 00 00 00  | (3..............
00000001007C4150 | FF 3B 7B 00 01 00 00 00  0D 00 00 00 00 00 00 00  | .;{.............
00000001007C4160 | 28 33 A2 00 01 00 00 00  C8 07 00 00 00 00 00 00  | (3..............
00000001007C4170 | 0D 3C 7B 00 01 00 00 00  0C 00 00 00 00 00 00 00  | .<{.............
00000001007C4180 | 28 33 A2 00 01 00 00 00  C8 07 00 00 00 00 00 00  | (3..............
00000001007C4190 | 1A 3C 7B 00 01 00 00 00  0F 00 00 00 00 00 00 00  | .<{.............
00000001007C41A0 | 28 33 A2 00 01 00 00 00  C8 07 00 00 00 00 00 00  | (3..............
00000001007C41B0 | 2A 3C 7B 00 01 00 00 00  14 00 00 00 00 00 00 00  | *<{.............
00000001007C41C0 | 28 33 A2 00 01 00 00 00  C8 07 00 00 00 00 00 00  | (3..............
00000001007C41D0 | 3F 3C 7B 00 01 00 00 00  13 00 00 00 00 00 00 00  | ?<{.............
00000001007C41E0 | 28 33 A2 00 01 00 00 00  C8 07 00 00 00 00 00 00  | (3..............
00000001007C41F0 | 53 3C 7B 00 01 00 00 00  12 00 00 00 00 00 00 00  | S<{.............
00000001007C4200 | 28 33 A2 00 01 00 00 00  C8 07 00 00 00 00 00 00  | (3..............
00000001007C4210 | 66 3C 7B 00 01 00 00 00  15 00 00 00 00 00 00 00  | f<{.............
00000001007C4220 | 28 33 A2 00 01 00 00 00  C8 07 00 00 00 00 00 00  | (3..............
00000001007C4230 | 7C 3C 7B 00 01 00 00 00  0F 00 00 00 00 00 00 00  | |<{.............
00000001007C4240 | 28 33 A2 00 01 00 00 00  C8 07 00 00 00 00 00 00  | (3..............
00000001007C4250 | 8C 3C 7B 00 01 00 00 00  16 00 00 00 00 00 00 00  | .<{.............
00000001007C4260 | 28 33 A2 00 01 00 00 00  C8 07 00 00 00 00 00 00  | (3..............
00000001007C4270 | A3 3C 7B 00 01 00 00 00  16 00 00 00 00 00 00 00  | .<{.............
00000001007C4280 | 28 33 A2 00 01 00 00 00  C8 07 00 00 00 00 00 00  | (3..............
00000001007C4290 | BA 3C 7B 00 01 00 00 00  0D 00 00 00 00 00 00 00  | .<{.............
00000001007C42A0 | 28 33 A2 00 01 00 00 00  C8 07 00 00 00 00 00 00  | (3..............
00000001007C42B0 | C8 3C 7B 00 01 00 00 00  0F 00 00 00 00 00 00 00  | .<{.............
00000001007C42C0 | 28 33 A2 00 01 00 00 00  C8 07 00 00 00 00 00 00  | (3..............
00000001007C42D0 | D8 3C 7B 00 01 00 00 00  12 00 00 00 00 00 00 00  | .<{.............
00000001007C42E0 | 28 33 A2 00 01 00 00 00  C8 07 00 00 00 00 00 00  | (3..............
00000001007C42F0 | EB 3C 7B 00 01 00 00 00  11 00 00 00 00 00 00 00  | .<{.............
00000001007C4300 | 28 33 A2 00 01 00 00 00  C8 07 00 00 00 00 00 00  | (3..............
00000001007C4310 | FD 3C 7B 00 01 00 00 00  13 00 00 00 00 00 00 00  | .<{.............
00000001007C4320 | 28 33 A2 00 01 00 00 00  C8 07 00 00 00 00 00 00  | (3..............
00000001007C4330 | 11 3D 7B 00 01 00 00 00  11 00 00 00 00 00 00 00  | .={.............
00000001007C4340 | 28 33 A2 00 01 00 00 00  C8 07 00 00 00 00 00 00  | (3..............
00000001007C4350 | 23 3D 7B 00 01 00 00 00  09 00 00 00 00 00 00 00  | #={.............
00000001007C4360 | 28 33 A2 00 01 00 00 00  C8 07 00 00 00 00 00 00  | (3..............
00000001007C4370 | 2D 3D 7B 00 01 00 00 00  07 00 00 00 00 00 00 00  | -={.............
00000001007C4380 | 28 33 A2 00 01 00 00 00  D0 07 00 00 00 00 00 00  | (3..............
00000001007C4390 | 10 C5 7B 00 01 00 00 00  0B 00 00 00 00 00 00 00  | ..{.............
00000001007C43A0 | 28 33 A2 00 01 00 00 00  C8 07 00 00 00 00 00 00  | (3..............
00000001007C43B0 | 35 3D 7B 00 01 00 00 00  13 00 00 00 00 00 00 00  | 5={.............
00000001007C43C0 | 28 33 A2 00 01 00 00 00  C8 07 00 00 00 00 00 00  | (3..............
00000001007C43D0 | 49 3D 7B 00 01 00 00 00  10 00 00 00 00 00 00 00  | I={.............
00000001007C43E0 | 28 33 A2 00 01 00 00 00  C8 07 00 00 00 00 00 00  | (3..............
00000001007C43F0 | 5A 3D 7B 00 01 00 00 00  0E 00 00 00 00 00 00 00  | Z={.............
00000001007C4400 | 28 33 A2 00 01 00 00 00  C8 07 00 00 00 00 00 00  | (3..............
00000001007C4410 | 69 3D 7B 00 01 00 00 00  10 00 00 00 00 00 00 00  | i={.............
00000001007C4420 | 28 33 A2 00 01 00 00 00  C8 07 00 00 00 00 00 00  | (3..............
00000001007C4430 | 7A 3D 7B 00 01 00 00 00  12 00 00 00 00 00 00 00  | z={.............
00000001007C4440 | 28 33 A2 00 01 00 00 00  C8 07 00 00 00 00 00 00  | (3..............
00000001007C4450 | 8D 3D 7B 00 01 00 00 00  11 00 00 00 00 00 00 00  | .={.............
00000001007C4460 | 28 33 A2 00 01 00 00 00  C8 07 00 00 00 00 00 00  | (3..............
00000001007C4470 | 9F 3D 7B 00 01 00 00 00  15 00 00 00 00 00 00 00  | .={.............
00000001007C4480 | 28 33 A2 00 01 00 00 00  C8 07 00 00 00 00 00 00  | (3..............
00000001007C4490 | B5 3D 7B 00 01 00 00 00  13 00 00 00 00 00 00 00  | .={.............
00000001007C44A0 | 28 33 A2 00 01 00 00 00  C8 07 00 00 00 00 00 00  | (3..............
00000001007C44B0 | C9 3D 7B 00 01 00 00 00  13 00 00 00 00 00 00 00  | .={.............
00000001007C44C0 | 28 33 A2 00 01 00 00 00  C8 07 00 00 00 00 00 00  | (3..............
00000001007C44D0 | DD 3D 7B 00 01 00 00 00  01 00 00 00 00 00 00 00  | .={.............
00000001007C44E0 | 28 33 A2 00 01 00 00 00  C8 07 00 00 00 00 00 00  | (3..............
00000001007C44F0 | DF 3D 7B 00 01 00 00 00  08 00 00 00 00 00 00 00  | .={.............
00000001007C4500 | 28 33 A2 00 01 00 00 00  C8 07 00 00 00 00 00 00  | (3..............
00000001007C4510 | E8 3D 7B 00 01 00 00 00  09 00 00 00 00 00 00 00  | .={.............
00000001007C4520 | 28 33 A2 00 01 00 00 00  C8 07 00 00 00 00 00 00  | (3..............
00000001007C4530 | F2 3D 7B 00 01 00 00 00  07 00 00 00 00 00 00 00  | .={.............
00000001007C4540 | 28 33 A2 00 01 00 00 00  C8 07 00 00 00 00 00 00  | (3..............
00000001007C4550 | FA 3D 7B 00 01 00 00 00  07 00 00 00 00 00 00 00  | .={.............
00000001007C4560 | 28 33 A2 00 01 00 00 00  D0 07 00 00 00 00 00 00  | (3..............
00000001007C4570 | 28 C5 7B 00 01 00 00 00  0F 00 00 00 00 00 00 00  | (.{.............
00000001007C4580 | 28 33 A2 00 01 00 00 00  C8 07 00 00 00 00 00 00  | (3..............
00000001007C4590 | 02 3E 7B 00 01 00 00 00  31 00 00 00 00 00 00 00  | .>{.....1.......
00000001007C45A0 | 28 33 A2 00 01 00 00 00  C8 07 00 00 00 00 00 00  | (3..............
00000001007C45B0 | 34 3E 7B 00 01 00 00 00  32 00 00 00 00 00 00 00  | 4>{.....2.......
00000001007C45C0 | 28 33 A2 00 01 00 00 00  C8 07 00 00 00 00 00 00  | (3..............
00000001007C45D0 | 67 3E 7B 00 01 00 00 00  07 00 00 00 00 00 00 00  | g>{.............
00000001007C45E0 | 28 33 A2 00 01 00 00 00  C8 07 00 00 00 00 00 00  | (3..............
00000001007C45F0 | 6F 3E 7B 00 01 00 00 00  14 00 00 00 00 00 00 00  | o>{.............
00000001007C4600 | 28 33 A2 00 01 00 00 00  C8 07 00 00 00 00 00 00  | (3..............
00000001007C4610 | 84 3E 7B 00 01 00 00 00  0E 00 00 00 00 00 00 00  | .>{.............
00000001007C4620 | 28 33 A2 00 01 00 00 00  C8 07 00 00 00 00 00 00  | (3..............
00000001007C4630 | 93 3E 7B 00 01 00 00 00  0B 00 00 00 00 00 00 00  | .>{.............
00000001007C4640 | 28 33 A2 00 01 00 00 00  C8 07 00 00 00 00 00 00  | (3..............
00000001007C4650 | 9F 3E 7B 00 01 00 00 00  0D 00 00 00 00 00 00 00  | .>{.............
00000001007C4660 | 28 33 A2 00 01 00 00 00  C8 07 00 00 00 00 00 00  | (3..............
00000001007C4670 | AD 3E 7B 00 01 00 00 00  09 00 00 00 00 00 00 00  | .>{.............
00000001007C4680 | 28 33 A2 00 01 00 00 00  C8 07 00 00 00 00 00 00  | (3..............
00000001007C4690 | B7 3E 7B 00 01 00 00 00  14 00 00 00 00 00 00 00  | .>{.............
00000001007C46A0 | 28 33 A2 00 01 00 00 00  C8 07 00 00 00 00 00 00  | (3..............
00000001007C46B0 | CC 3E 7B 00 01 00 00 00  0D 00 00 00 00 00 00 00  | .>{.............
00000001007C46C0 | 28 33 A2 00 01 00 00 00  D0 07 00 00 00 00 00 00  | (3..............
00000001007C46D0 | 48 C5 7B 00 01 00 00 00  10 00 00 00 00 00 00 00  | H.{.............
00000001007C46E0 | 28 33 A2 00 01 00 00 00  C8 07 00 00 00 00 00 00  | (3..............
00000001007C46F0 | DA 3E 7B 00 01 00 00 00  12 00 00 00 00 00 00 00  | .>{.............
00000001007C4700 | 28 33 A2 00 01 00 00 00  C8 07 00 00 00 00 00 00  | (3..............
00000001007C4710 | ED 3E 7B 00 01 00 00 00  02 00 00 00 00 00 00 00  | .>{.............
00000001007C4720 | 28 33 A2 00 01 00 00 00  C8 07 00 00 00 00 00 00  | (3..............
00000001007C4730 | 07 3F 7B 00 01 00 00 00  0E 00 00 00 00 00 00 00  | .?{.............
00000001007C4740 | 28 33 A2 00 01 00 00 00  C8 07 00 00 00 00 00 00  | (3..............
00000001007C4750 | 16 3F 7B 00 01 00 00 00  09 00 00 00 00 00 00 00  | .?{.............
00000001007C4760 | 28 33 A2 00 01 00 00 00  C8 07 00 00 00 00 00 00  | (3..............
00000001007C4770 | 20 3F 7B 00 01 00 00 00  24 00 00 00 00 00 00 00  |  ?{.....$.......
00000001007C4780 | 28 33 A2 00 01 00 00 00  C8 07 00 00 00 00 00 00  | (3..............
00000001007C4790 | 45 3F 7B 00 01 00 00 00  04 00 00 00 00 00 00 00  | E?{.............
00000001007C47A0 | 28 33 A2 00 01 00 00 00  C8 07 00 00 00 00 00 00  | (3..............
00000001007C47B0 | 4A 3F 7B 00 01 00 00 00  05 00 00 00 00 00 00 00  | J?{.............
00000001007C47C0 | 28 33 A2 00 01 00 00 00  C8 07 00 00 00 00 00 00  | (3..............
00000001007C47D0 | 50 3F 7B 00 01 00 00 00  08 00 00 00 00 00 00 00  | P?{.............
00000001007C47E0 | 28 33 A2 00 01 00 00 00  C8 07 00 00 00 00 00 00  | (3..............
00000001007C47F0 | 59 3F 7B 00 01 00 00 00  2A 00 00 00 00 00 00 00  | Y?{.....*.......
00000001007C4800 | 28 33 A2 00 01 00 00 00  C8 07 00 00 00 00 00 00  | (3..............
00000001007C4810 | 84 3F 7B 00 01 00 00 00  16 00 00 00 00 00 00 00  | .?{.............
00000001007C4820 | 28 33 A2 00 01 00 00 00  C8 07 00 00 00 00 00 00  | (3..............
00000001007C4830 | 9B 3F 7B 00 01 00 00 00  23 00 00 00 00 00 00 00  | .?{.....#.......
00000001007C4840 | 28 33 A2 00 01 00 00 00  C8 07 00 00 00 00 00 00  | (3..............
00000001007C4850 | BF 3F 7B 00 01 00 00 00  29 00 00 00 00 00 00 00  | .?{.....).......
00000001007C4860 | 28 33 A2 00 01 00 00 00  C8 07 00 00 00 00 00 00  | (3..............
00000001007C4870 | E9 3F 7B 00 01 00 00 00  3E 00 00 00 00 00 00 00  | .?{.....>.......
00000001007C4880 | 28 33 A2 00 01 00 00 00  C8 07 00 00 00 00 00 00  | (3..............
00000001007C4890 | 28 40 7B 00 01 00 00 00  17 00 00 00 00 00 00 00  | (@{.............
00000001007C48A0 | 28 33 A2 00 01 00 00 00  C8 07 00 00 00 00 00 00  | (3..............
00000001007C48B0 | 40 40 7B 00 01 00 00 00  18 00 00 00 00 00 00 00  | @@{.............
00000001007C48C0 | 28 33 A2 00 01 00 00 00  C8 07 00 00 00 00 00 00  | (3..............
00000001007C48D0 | 59 40 7B 00 01 00 00 00  23 00 00 00 00 00 00 00  | Y@{.....#.......
00000001007C48E0 | 28 33 A2 00 01 00 00 00  C8 07 00 00 00 00 00 00  | (3..............
00000001007C48F0 | 7D 40 7B 00 01 00 00 00  13 00 00 00 00 00 00 00  | }@{.............
00000001007C4900 | 28 33 A2 00 01 00 00 00  C8 07 00 00 00 00 00 00  | (3..............
00000001007C4910 | 91 40 7B 00 01 00 00 00  3E 00 00 00 00 00 00 00  | .@{.....>.......
00000001007C4920 | 28 33 A2 00 01 00 00 00  C8 07 00 00 00 00 00 00  | (3..............
00000001007C4930 | D0 40 7B 00 01 00 00 00  10 00 00 00 00 00 00 00  | .@{.............
00000001007C4940 | 28 33 A2 00 01 00 00 00  C8 07 00 00 00 00 00 00  | (3..............
00000001007C4950 | E1 40 7B 00 01 00 00 00  18 00 00 00 00 00 00 00  | .@{.............
00000001007C4960 | 28 33 A2 00 01 00 00 00  C8 07 00 00 00 00 00 00  | (3..............
00000001007C4970 | FA 40 7B 00 01 00 00 00  12 00 00 00 00 00 00 00  | .@{.............
00000001007C4980 | 28 33 A2 00 01 00 00 00  C8 07 00 00 00 00 00 00  | (3..............
00000001007C4990 | 0D 41 7B 00 01 00 00 00  13 00 00 00 00 00 00 00  | .A{.............
00000001007C49A0 | 28 33 A2 00 01 00 00 00  C8 07 00 00 00 00 00 00  | (3..............
00000001007C49B0 | 21 41 7B 00 01 00 00 00  0E 00 00 00 00 00 00 00  | !A{.............
00000001007C49C0 | 28 33 A2 00 01 00 00 00  C8 07 00 00 00 00 00 00  | (3..............
00000001007C49D0 | 30 41 7B 00 01 00 00 00  13 00 00 00 00 00 00 00  | 0A{.............
00000001007C49E0 | 28 33 A2 00 01 00 00 00  C8 07 00 00 00 00 00 00  | (3..............
00000001007C49F0 | 44 41 7B 00 01 00 00 00  14 00 00 00 00 00 00 00  | DA{.............
00000001007C4A00 | 28 33 A2 00 01 00 00 00  C8 07 00 00 00 00 00 00  | (3..............
00000001007C4A10 | 59 41 7B 00 01 00 00 00  14 00 00 00 00 00 00 00  | YA{.............
00000001007C4A20 | 28 33 A2 00 01 00 00 00  C8 07 00 00 00 00 00 00  | (3..............
00000001007C4A30 | 6E 41 7B 00 01 00 00 00  18 00 00 00 00 00 00 00  | nA{.............
00000001007C4A40 | 28 33 A2 00 01 00 00 00  C8 07 00 00 00 00 00 00  | (3..............
00000001007C4A50 | 87 41 7B 00 01 00 00 00  17 00 00 00 00 00 00 00  | .A{.............
00000001007C4A60 | 28 33 A2 00 01 00 00 00  C8 07 00 00 00 00 00 00  | (3..............
00000001007C4A70 | 9F 41 7B 00 01 00 00 00  17 00 00 00 00 00 00 00  | .A{.............
00000001007C4A80 | 28 33 A2 00 01 00 00 00  C8 07 00 00 00 00 00 00  | (3..............
00000001007C4A90 | B7 41 7B 00 01 00 00 00  15 00 00 00 00 00 00 00  | .A{.............
00000001007C4AA0 | 28 33 A2 00 01 00 00 00  C8 07 00 00 00 00 00 00  | (3..............
00000001007C4AB0 | CD 41 7B 00 01 00 00 00  16 00 00 00 00 00 00 00  | .A{.............
00000001007C4AC0 | 28 33 A2 00 01 00 00 00  C8 07 00 00 00 00 00 00  | (3..............
00000001007C4AD0 | E4 41 7B 00 01 00 00 00  18 00 00 00 00 00 00 00  | .A{.............
00000001007C4AE0 | 28 33 A2 00 01 00 00 00  C8 07 00 00 00 00 00 00  | (3..............
00000001007C4AF0 | FD 41 7B 00 01 00 00 00  17 00 00 00 00 00 00 00  | .A{.............
00000001007C4B00 | 28 33 A2 00 01 00 00 00  C8 07 00 00 00 00 00 00  | (3..............
00000001007C4B10 | 15 42 7B 00 01 00 00 00  0E 00 00 00 00 00 00 00  | .B{.............
00000001007C4B20 | 28 33 A2 00 01 00 00 00  C8 07 00 00 00 00 00 00  | (3..............
00000001007C4B30 | 24 42 7B 00 01 00 00 00  0E 00 00 00 00 00 00 00  | $B{.............
00000001007C4B40 | 28 33 A2 00 01 00 00 00  C8 07 00 00 00 00 00 00  | (3..............
00000001007C4B50 | 33 42 7B 00 01 00 00 00  11 00 00 00 00 00 00 00  | 3B{.............
00000001007C4B60 | 28 33 A2 00 01 00 00 00  C8 07 00 00 00 00 00 00  | (3..............
00000001007C4B70 | 45 42 7B 00 01 00 00 00  0D 00 00 00 00 00 00 00  | EB{.............
00000001007C4B80 | 28 33 A2 00 01 00 00 00  C8 07 00 00 00 00 00 00  | (3..............
00000001007C4B90 | 53 42 7B 00 01 00 00 00  15 00 00 00 00 00 00 00  | SB{.............
00000001007C4BA0 | 28 33 A2 00 01 00 00 00  C8 07 00 00 00 00 00 00  | (3..............
00000001007C4BB0 | 69 42 7B 00 01 00 00 00  12 00 00 00 00 00 00 00  | iB{.............
00000001007C4BC0 | 28 33 A2 00 01 00 00 00  C8 07 00 00 00 00 00 00  | (3..............
00000001007C4BD0 | 7C 42 7B 00 01 00 00 00  1D 00 00 00 00 00 00 00  | |B{.............
00000001007C4BE0 | 28 33 A2 00 01 00 00 00  C8 07 00 00 00 00 00 00  | (3..............
00000001007C4BF0 | 9A 42 7B 00 01 00 00 00  05 00 00 00 00 00 00 00  | .B{.............
00000001007C4C00 | 28 33 A2 00 01 00 00 00  C8 07 00 00 00 00 00 00  | (3..............
00000001007C4C10 | A0 42 7B 00 01 00 00 00  49 00 00 00 00 00 00 00  | .B{.....I.......
00000001007C4C20 | 28 33 A2 00 01 00 00 00  C8 07 00 00 00 00 00 00  | (3..............
00000001007C4C30 | 33 43 7B 00 01 00 00 00  10 00 00 00 00 00 00 00  | 3C{.............
00000001007C4C40 | 28 33 A2 00 01 00 00 00  C8 07 00 00 00 00 00 00  | (3..............
00000001007C4C50 | 64 43 7B 00 01 00 00 00  38 00 00 00 00 00 00 00  | dC{.....8.......
00000001007C4C60 | 28 33 A2 00 01 00 00 00  D0 07 00 00 00 00 00 00  | (3..............
00000001007C4C70 | 6A C5 7B 00 01 00 00 00  0F 00 00 00 00 00 00 00  | j.{.............
00000001007C4C80 | 28 33 A2 00 01 00 00 00  C8 07 00 00 00 00 00 00  | (3..............
00000001007C4C90 | 9D 43 7B 00 01 00 00 00  08 00 00 00 00 00 00 00  | .C{.............
00000001007C4CA0 | 28 33 A2 00 01 00 00 00  C8 07 00 00 00 00 00 00  | (3..............
00000001007C4CB0 | A6 43 7B 00 01 00 00 00  0B 00 00 00 00 00 00 00  | .C{.............
00000001007C4CC0 | 28 33 A2 00 01 00 00 00  D0 07 00 00 00 00 00 00  | (3..............
00000001007C4CD0 | 8A C5 7B 00 01 00 00 00  0A 00 00 00 00 00 00 00  | ..{.............
00000001007C4CE0 | 28 33 A2 00 01 00 00 00  D0 07 00 00 00 00 00 00  | (3..............
00000001007C4CF0 | A0 C5 7B 00 01 00 00 00  08 00 00 00 00 00 00 00  | ..{.............
00000001007C4D00 | 28 33 A2 00 01 00 00 00  D0 07 00 00 00 00 00 00  | (3..............
00000001007C4D10 | B2 C5 7B 00 01 00 00 00  09 00 00 00 00 00 00 00  | ..{.............
00000001007C4D20 | 28 33 A2 00 01 00 00 00  C8 07 00 00 00 00 00 00  | (3..............
00000001007C4D30 | B2 43 7B 00 01 00 00 00  04 00 00 00 00 00 00 00  | .C{.............
00000001007C4D40 | 28 33 A2 00 01 00 00 00  D0 07 00 00 00 00 00 00  | (3..............
00000001007C4D50 | C6 C5 7B 00 01 00 00 00  0E 00 00 00 00 00 00 00  | ..{.............
00000001007C4D60 | 28 33 A2 00 01 00 00 00  C8 07 00 00 00 00 00 00  | (3..............
00000001007C4D70 | B7 43 7B 00 01 00 00 00  06 00 00 00 00 00 00 00  | .C{.............
00000001007C4D80 | 28 33 A2 00 01 00 00 00  C8 07 00 00 00 00 00 00  | (3..............
00000001007C4D90 | BE 43 7B 00 01 00 00 00  03 00 00 00 00 00 00 00  | .C{.............
00000001007C4DA0 | 28 33 A2 00 01 00 00 00  C8 07 00 00 00 00 00 00  | (3..............
00000001007C4DB0 | C2 43 7B 00 01 00 00 00  0A 00 00 00 00 00 00 00  | .C{.............
00000001007C4DC0 | 28 33 A2 00 01 00 00 00  C8 07 00 00 00 00 00 00  | (3..............
00000001007C4DD0 | CD 43 7B 00 01 00 00 00  12 00 00 00 00 00 00 00  | .C{.............
00000001007C4DE0 | 28 33 A2 00 01 00 00 00  D0 07 00 00 00 00 00 00  | (3..............
00000001007C4DF0 | E4 C5 7B 00 01 00 00 00  14 00 00 00 00 00 00 00  | ..{.............
00000001007C4E00 | 28 33 A2 00 01 00 00 00  D0 07 00 00 00 00 00 00  | (3..............
00000001007C4E10 | 0E C6 7B 00 01 00 00 00  13 00 00 00 00 00 00 00  | ..{.............
00000001007C4E20 | 28 33 A2 00 01 00 00 00  D0 07 00 00 00 00 00 00  | (3..............
00000001007C4E30 | 36 C6 7B 00 01 00 00 00  09 00 00 00 00 00 00 00  | 6.{.............
00000001007C4E40 | 28 33 A2 00 01 00 00 00  C8 07 00 00 00 00 00 00  | (3..............
00000001007C4E50 | E0 43 7B 00 01 00 00 00  0F 00 00 00 00 00 00 00  | .C{.............
00000001007C4E60 | 28 33 A2 00 01 00 00 00  C8 07 00 00 00 00 00 00  | (3..............
00000001007C4E70 | F0 43 7B 00 01 00 00 00  0D 00 00 00 00 00 00 00  | .C{.............
00000001007C4E80 | 28 33 A2 00 01 00 00 00  C8 07 00 00 00 00 00 00  | (3..............
00000001007C4E90 | FE 43 7B 00 01 00 00 00  0F 00 00 00 00 00 00 00  | .C{.............
00000001007C4EA0 | 28 33 A2 00 01 00 00 00  C8 07 00 00 00 00 00 00  | (3..............
00000001007C4EB0 | 0E 44 7B 00 01 00 00 00  18 00 00 00 00 00 00 00  | .D{.............
00000001007C4EC0 | 28 33 A2 00 01 00 00 00  C8 07 00 00 00 00 00 00  | (3..............
00000001007C4ED0 | 27 44 7B 00 01 00 00 00  0C 00 00 00 00 00 00 00  | 'D{.............
00000001007C4EE0 | 28 33 A2 00 01 00 00 00  C8 07 00 00 00 00 00 00  | (3..............
00000001007C4EF0 | 34 44 7B 00 01 00 00 00  0E 00 00 00 00 00 00 00  | 4D{.............
00000001007C4F00 | 28 33 A2 00 01 00 00 00  C8 07 00 00 00 00 00 00  | (3..............
00000001007C4F10 | 43 44 7B 00 01 00 00 00  17 00 00 00 00 00 00 00  | CD{.............
00000001007C4F20 | 28 33 A2 00 01 00 00 00  C8 07 00 00 00 00 00 00  | (3..............
00000001007C4F30 | 5B 44 7B 00 01 00 00 00  0C 00 00 00 00 00 00 00  | [D{.............
00000001007C4F40 | 28 33 A2 00 01 00 00 00  C8 07 00 00 00 00 00 00  | (3..............
00000001007C4F50 | 68 44 7B 00 01 00 00 00  02 00 00 00 00 00 00 00  | hD{.............
00000001007C4F60 | 28 33 A2 00 01 00 00 00  C8 07 00 00 00 00 00 00  | (3..............
00000001007C4F70 | 6B 44 7B 00 01 00 00 00  15 00 00 00 00 00 00 00  | kD{.............
00000001007C4F80 | 28 33 A2 00 01 00 00 00  C8 07 00 00 00 00 00 00  | (3..............
00000001007C4F90 | 81 44 7B 00 01 00 00 00  1A 00 00 00 00 00 00 00  | .D{.............
00000001007C4FA0 | 28 33 A2 00 01 00 00 00  D0 07 00 00 00 00 00 00  | (3..............
00000001007C4FB0 | 4A C6 7B 00 01 00 00 00  0F 00 00 00 00 00 00 00  | J.{.............
00000001007C4FC0 | 28 33 A2 00 01 00 00 00  D0 07 00 00 00 00 00 00  | (3..............
00000001007C4FD0 | 6A C6 7B 00 01 00 00 00  08 00 00 00 00 00 00 00  | j.{.............
00000001007C4FE0 | 28 33 A2 00 01 00 00 00  D0 07 00 00 00 00 00 00  | (3..............
00000001007C4FF0 | 7C C6 7B 00 01 00 00 00  0C 00 00 00 00 00 00 00  | |.{.............
00000001007C5000 | 28 33 A2 00 01 00 00 00  C8 07 00 00 00 00 00 00  | (3..............
00000001007C5010 | 9C 44 7B 00 01 00 00 00  01 00 00 00 00 00 00 00  | .D{.............
00000001007C5020 | 28 33 A2 00 01 00 00 00  C8 07 00 00 00 00 00 00  | (3..............
00000001007C5030 | BA 44 7B 00 01 00 00 00  03 00 00 00 00 00 00 00  | .D{.............
00000001007C5040 | 28 33 A2 00 01 00 00 00  C8 07 00 00 00 00 00 00  | (3..............
00000001007C5050 | BE 44 7B 00 01 00 00 00  1E 00 00 00 00 00 00 00  | .D{.............
00000001007C5060 | 28 33 A2 00 01 00 00 00  C8 07 00 00 00 00 00 00  | (3..............
00000001007C5070 | DD 44 7B 00 01 00 00 00  12 00 00 00 00 00 00 00  | .D{.............
00000001007C5080 | 28 33 A2 00 01 00 00 00  C8 07 00 00 00 00 00 00  | (3..............
00000001007C5090 | F0 44 7B 00 01 00 00 00  06 00 00 00 00 00 00 00  | .D{.............
00000001007C50A0 | 28 33 A2 00 01 00 00 00  C8 07 00 00 00 00 00 00  | (3..............
00000001007C50B0 | F7 44 7B 00 01 00 00 00  07 00 00 00 00 00 00 00  | .D{.............
00000001007C50C0 | 28 33 A2 00 01 00 00 00  C8 07 00 00 00 00 00 00  | (3..............
00000001007C50D0 | FF 44 7B 00 01 00 00 00  1F 00 00 00 00 00 00 00  | .D{.............
00000001007C50E0 | 28 33 A2 00 01 00 00 00  C8 07 00 00 00 00 00 00  | (3..............
00000001007C50F0 | 1F 45 7B 00 01 00 00 00  04 00 00 00 00 00 00 00  | .E{.............
00000001007C5100 | 28 33 A2 00 01 00 00 00  C8 07 00 00 00 00 00 00  | (3..............
00000001007C5110 | 24 45 7B 00 01 00 00 00  0B 00 00 00 00 00 00 00  | $E{.............
00000001007C5120 | 28 33 A2 00 01 00 00 00  C8 07 00 00 00 00 00 00  | (3..............
00000001007C5130 | 30 45 7B 00 01 00 00 00  20 00 00 00 00 00 00 00  | 0E{..... .......
00000001007C5140 | 28 33 A2 00 01 00 00 00  C8 07 00 00 00 00 00 00  | (3..............
00000001007C5150 | 51 45 7B 00 01 00 00 00  0C 00 00 00 00 00 00 00  | QE{.............
00000001007C5160 | 28 33 A2 00 01 00 00 00  C8 07 00 00 00 00 00 00  | (3..............
00000001007C5170 | 5E 45 7B 00 01 00 00 00  0F 00 00 00 00 00 00 00  | ^E{.............
00000001007C5180 | 28 33 A2 00 01 00 00 00  C8 07 00 00 00 00 00 00  | (3..............
00000001007C5190 | 6E 45 7B 00 01 00 00 00  65 00 00 00 00 00 00 00  | nE{.....e.......
00000001007C51A0 | 28 33 A2 00 01 00 00 00  C8 07 00 00 00 00 00 00  | (3..............
00000001007C51B0 | D4 45 7B 00 01 00 00 00  0A 00 00 00 00 00 00 00  | .E{.............
00000001007C51C0 | 28 33 A2 00 01 00 00 00  C8 07 00 00 00 00 00 00  | (3..............
00000001007C51D0 | DF 45 7B 00 01 00 00 00  6C 00 00 00 00 00 00 00  | .E{.....l.......
00000001007C51E0 | 28 33 A2 00 01 00 00 00  C8 07 00 00 00 00 00 00  | (3..............
00000001007C51F0 | 4C 46 7B 00 01 00 00 00  04 00 00 00 00 00 00 00  | LF{.............
00000001007C5200 | 28 33 A2 00 01 00 00 00  C8 07 00 00 00 00 00 00  | (3..............
00000001007C5210 | 51 46 7B 00 01 00 00 00  0E 00 00 00 00 00 00 00  | QF{.............
00000001007C5220 | 28 33 A2 00 01 00 00 00  D0 07 00 00 00 00 00 00  | (3..............
00000001007C5230 | 96 C6 7B 00 01 00 00 00  26 00 00 00 00 00 00 00  | ..{.....&.......
00000001007C5240 | 28 33 A2 00 01 00 00 00  D0 07 00 00 00 00 00 00  | (3..............
00000001007C5250 | E4 C6 7B 00 01 00 00 00  14 00 00 00 00 00 00 00  | ..{.............
00000001007C5260 | 28 33 A2 00 01 00 00 00  D0 07 00 00 00 00 00 00  | (3..............
00000001007C5270 | 0E C7 7B 00 01 00 00 00  09 00 00 00 00 00 00 00  | ..{.............
00000001007C5280 | 28 33 A2 00 01 00 00 00  D0 07 00 00 00 00 00 00  | (3..............
00000001007C5290 | 22 C7 7B 00 01 00 00 00  15 00 00 00 00 00 00 00  | ".{.............
00000001007C52A0 | 28 33 A2 00 01 00 00 00  C8 07 00 00 00 00 00 00  | (3..............
00000001007C52B0 | 60 46 7B 00 01 00 00 00  12 00 00 00 00 00 00 00  | `F{.............
00000001007C52C0 | 28 33 A2 00 01 00 00 00  D0 07 00 00 00 00 00 00  | (3..............
00000001007C52D0 | 4E C7 7B 00 01 00 00 00  18 00 00 00 00 00 00 00  | N.{.............
00000001007C52E0 | 28 33 A2 00 01 00 00 00  C8 07 00 00 00 00 00 00  | (3..............
00000001007C52F0 | 73 46 7B 00 01 00 00 00  0C 00 00 00 00 00 00 00  | sF{.............
00000001007C5300 | 28 33 A2 00 01 00 00 00  D0 07 00 00 00 00 00 00  | (3..............
00000001007C5310 | 80 C7 7B 00 01 00 00 00  16 00 00 00 00 00 00 00  | ..{.............
00000001007C5320 | 28 33 A2 00 01 00 00 00  C8 07 00 00 00 00 00 00  | (3..............
00000001007C5330 | 80 46 7B 00 01 00 00 00  10 00 00 00 00 00 00 00  | .F{.............
00000001007C5340 | 28 33 A2 00 01 00 00 00  C8 07 00 00 00 00 00 00  | (3..............
00000001007C5350 | 91 46 7B 00 01 00 00 00  0D 00 00 00 00 00 00 00  | .F{.............
00000001007C5360 | 28 33 A2 00 01 00 00 00  D0 07 00 00 00 00 00 00  | (3..............
00000001007C5370 | AE C7 7B 00 01 00 00 00  1E 00 00 00 00 00 00 00  | ..{.............
00000001007C5380 | 28 33 A2 00 01 00 00 00  C8 07 00 00 00 00 00 00  | (3..............
00000001007C5390 | D3 46 7B 00 01 00 00 00  05 00 00 00 00 00 00 00  | .F{.............
00000001007C53A0 | 28 33 A2 00 01 00 00 00  C8 07 00 00 00 00 00 00  | (3..............
00000001007C53B0 | D9 46 7B 00 01 00 00 00  0B 00 00 00 00 00 00 00  | .F{.............
00000001007C53C0 | 28 33 A2 00 01 00 00 00  C8 07 00 00 00 00 00 00  | (3..............
00000001007C53D0 | E5 46 7B 00 01 00 00 00  18 00 00 00 00 00 00 00  | .F{.............
00000001007C53E0 | 28 33 A2 00 01 00 00 00  D0 07 00 00 00 00 00 00  | (3..............
00000001007C53F0 | EC C7 7B 00 01 00 00 00  17 00 00 00 00 00 00 00  | ..{.............
00000001007C5400 | 28 33 A2 00 01 00 00 00  C8 07 00 00 00 00 00 00  | (3..............
00000001007C5410 | FE 46 7B 00 01 00 00 00  0A 00 00 00 00 00 00 00  | .F{.............
00000001007C5420 | 28 33 A2 00 01 00 00 00  C8 07 00 00 00 00 00 00  | (3..............
00000001007C5430 | 09 47 7B 00 01 00 00 00  16 00 00 00 00 00 00 00  | .G{.............
00000001007C5440 | 28 33 A2 00 01 00 00 00  D0 07 00 00 00 00 00 00  | (3..............
00000001007C5450 | 1C C8 7B 00 01 00 00 00  06 00 00 00 00 00 00 00  | ..{.............
00000001007C5460 | 28 33 A2 00 01 00 00 00  D0 07 00 00 00 00 00 00  | (3..............
00000001007C5470 | 2A C8 7B 00 01 00 00 00  18 00 00 00 00 00 00 00  | *.{.............
00000001007C5480 | 28 33 A2 00 01 00 00 00  C8 07 00 00 00 00 00 00  | (3..............
00000001007C5490 | 20 47 7B 00 01 00 00 00  5D 00 00 00 00 00 00 00  |  G{.....].......
00000001007C54A0 | 28 33 A2 00 01 00 00 00  C8 07 00 00 00 00 00 00  | (3..............
00000001007C54B0 | 7E 47 7B 00 01 00 00 00  07 00 00 00 00 00 00 00  | ~G{.............
00000001007C54C0 | 28 33 A2 00 01 00 00 00  C8 07 00 00 00 00 00 00  | (3..............
00000001007C54D0 | 86 47 7B 00 01 00 00 00  15 00 00 00 00 00 00 00  | .G{.............
00000001007C54E0 | 28 33 A2 00 01 00 00 00  C8 07 00 00 00 00 00 00  | (3..............
00000001007C54F0 | 9C 47 7B 00 01 00 00 00  15 00 00 00 00 00 00 00  | .G{.............
00000001007C5500 | 28 33 A2 00 01 00 00 00  D0 07 00 00 00 00 00 00  | (3..............
00000001007C5510 | 5C C8 7B 00 01 00 00 00  12 00 00 00 00 00 00 00  | \.{.............
00000001007C5520 | 28 33 A2 00 01 00 00 00  D0 07 00 00 00 00 00 00  | (3..............
00000001007C5530 | 82 C8 7B 00 01 00 00 00  41 00 00 00 00 00 00 00  | ..{.....A.......
00000001007C5540 | 28 33 A2 00 01 00 00 00  D0 07 00 00 00 00 00 00  | (3..............
00000001007C5550 | 06 C9 7B 00 01 00 00 00  0D 00 00 00 00 00 00 00  | ..{.............
00000001007C5560 | 28 33 A2 00 01 00 00 00  D0 07 00 00 00 00 00 00  | (3..............
00000001007C5570 | 22 C9 7B 00 01 00 00 00  10 00 00 00 00 00 00 00  | ".{.............
00000001007C5580 | 28 33 A2 00 01 00 00 00  D0 07 00 00 00 00 00 00  | (3..............
00000001007C5590 | 44 C9 7B 00 01 00 00 00  09 00 00 00 00 00 00 00  | D.{.............
00000001007C55A0 | 28 33 A2 00 01 00 00 00  C8 07 00 00 00 00 00 00  | (3..............
00000001007C55B0 | CA 47 7B 00 01 00 00 00  08 00 00 00 00 00 00 00  | .G{.............
00000001007C55C0 | 28 33 A2 00 01 00 00 00  C8 07 00 00 00 00 00 00  | (3..............
00000001007C55D0 | D3 47 7B 00 01 00 00 00  05 00 00 00 00 00 00 00  | .G{.............
00000001007C55E0 | 28 33 A2 00 01 00 00 00  C8 07 00 00 00 00 00 00  | (3..............
00000001007C55F0 | D9 47 7B 00 01 00 00 00  0C 00 00 00 00 00 00 00  | .G{.............
00000001007C5600 | 28 33 A2 00 01 00 00 00  C8 07 00 00 00 00 00 00  | (3..............
00000001007C5610 | E6 47 7B 00 01 00 00 00  05 00 00 00 00 00 00 00  | .G{.............
00000001007C5620 | 28 33 A2 00 01 00 00 00  C8 07 00 00 00 00 00 00  | (3..............
00000001007C5630 | EC 47 7B 00 01 00 00 00  0E 00 00 00 00 00 00 00  | .G{.............
00000001007C5640 | 28 33 A2 00 01 00 00 00  C8 07 00 00 00 00 00 00  | (3..............
00000001007C5650 | FB 47 7B 00 01 00 00 00  08 00 00 00 00 00 00 00  | .G{.............
00000001007C5660 | 28 33 A2 00 01 00 00 00  C8 07 00 00 00 00 00 00  | (3..............
00000001007C5670 | 04 48 7B 00 01 00 00 00  06 00 00 00 00 00 00 00  | .H{.............
00000001007C5680 | 28 33 A2 00 01 00 00 00  C8 07 00 00 00 00 00 00  | (3..............
00000001007C5690 | 0B 48 7B 00 01 00 00 00  06 00 00 00 00 00 00 00  | .H{.............
00000001007C56A0 | 28 33 A2 00 01 00 00 00  C8 07 00 00 00 00 00 00  | (3..............
00000001007C56B0 | 12 48 7B 00 01 00 00 00  06 00 00 00 00 00 00 00  | .H{.............
00000001007C56C0 | 28 33 A2 00 01 00 00 00  C8 07 00 00 00 00 00 00  | (3..............
00000001007C56D0 | 19 48 7B 00 01 00 00 00  05 00 00 00 00 00 00 00  | .H{.............
00000001007C56E0 | 28 33 A2 00 01 00 00 00  C8 07 00 00 00 00 00 00  | (3..............
00000001007C56F0 | 1F 48 7B 00 01 00 00 00  06 00 00 00 00 00 00 00  | .H{.............
00000001007C5700 | 28 33 A2 00 01 00 00 00  C8 07 00 00 00 00 00 00  | (3..............
00000001007C5710 | 26 48 7B 00 01 00 00 00  0A 00 00 00 00 00 00 00  | &H{.............
00000001007C5720 | 28 33 A2 00 01 00 00 00  C8 07 00 00 00 00 00 00  | (3..............
00000001007C5730 | 31 48 7B 00 01 00 00 00  05 00 00 00 00 00 00 00  | 1H{.............
00000001007C5740 | 28 33 A2 00 01 00 00 00  C8 07 00 00 00 00 00 00  | (3..............
00000001007C5750 | 37 48 7B 00 01 00 00 00  0D 00 00 00 00 00 00 00  | 7H{.............
00000001007C5760 | 28 33 A2 00 01 00 00 00  C8 07 00 00 00 00 00 00  | (3..............
00000001007C5770 | 45 48 7B 00 01 00 00 00  07 00 00 00 00 00 00 00  | EH{.............
00000001007C5780 | 28 33 A2 00 01 00 00 00  C8 07 00 00 00 00 00 00  | (3..............
00000001007C5790 | 4D 48 7B 00 01 00 00 00  0E 00 00 00 00 00 00 00  | MH{.............
00000001007C57A0 | 28 33 A2 00 01 00 00 00  C8 07 00 00 00 00 00 00  | (3..............
00000001007C57B0 | 5C 48 7B 00 01 00 00 00  08 00 00 00 00 00 00 00  | \H{.............
00000001007C57C0 | 28 33 A2 00 01 00 00 00  C8 07 00 00 00 00 00 00  | (3..............
00000001007C57D0 | 65 48 7B 00 01 00 00 00  09 00 00 00 00 00 00 00  | eH{.............
00000001007C57E0 | 28 33 A2 00 01 00 00 00  C8 07 00 00 00 00 00 00  | (3..............
00000001007C57F0 | 6F 48 7B 00 01 00 00 00  07 00 00 00 00 00 00 00  | oH{.............
00000001007C5800 | 28 33 A2 00 01 00 00 00  C8 07 00 00 00 00 00 00  | (3..............
00000001007C5810 | 77 48 7B 00 01 00 00 00  18 00 00 00 00 00 00 00  | wH{.............
00000001007C5820 | 28 33 A2 00 01 00 00 00  C8 07 00 00 00 00 00 00  | (3..............
00000001007C5830 | 90 48 7B 00 01 00 00 00  14 00 00 00 00 00 00 00  | .H{.............
00000001007C5840 | 28 33 A2 00 01 00 00 00  C8 07 00 00 00 00 00 00  | (3..............
00000001007C5850 | A5 48 7B 00 01 00 00 00  13 00 00 00 00 00 00 00  | .H{.............
00000001007C5860 | 28 33 A2 00 01 00 00 00  C8 07 00 00 00 00 00 00  | (3..............
00000001007C5870 | B9 48 7B 00 01 00 00 00  11 00 00 00 00 00 00 00  | .H{.............
00000001007C5880 | 28 33 A2 00 01 00 00 00  C8 07 00 00 00 00 00 00  | (3..............
00000001007C5890 | CB 48 7B 00 01 00 00 00  0F 00 00 00 00 00 00 00  | .H{.............
00000001007C58A0 | 28 33 A2 00 01 00 00 00  C8 07 00 00 00 00 00 00  | (3..............
00000001007C58B0 | DB 48 7B 00 01 00 00 00  0E 00 00 00 00 00 00 00  | .H{.............
00000001007C58C0 | 28 33 A2 00 01 00 00 00  C8 07 00 00 00 00 00 00  | (3..............
00000001007C58D0 | EA 48 7B 00 01 00 00 00  10 00 00 00 00 00 00 00  | .H{.............
00000001007C58E0 | 28 33 A2 00 01 00 00 00  C8 07 00 00 00 00 00 00  | (3..............
00000001007C58F0 | FB 48 7B 00 01 00 00 00  0D 00 00 00 00 00 00 00  | .H{.............
00000001007C5900 | 28 33 A2 00 01 00 00 00  C8 07 00 00 00 00 00 00  | (3..............
00000001007C5910 | 09 49 7B 00 01 00 00 00  10 00 00 00 00 00 00 00  | .I{.............
00000001007C5920 | 28 33 A2 00 01 00 00 00  C8 07 00 00 00 00 00 00  | (3..............
00000001007C5930 | 1A 49 7B 00 01 00 00 00  12 00 00 00 00 00 00 00  | .I{.............
00000001007C5940 | 28 33 A2 00 01 00 00 00  C8 07 00 00 00 00 00 00  | (3..............
00000001007C5950 | 2D 49 7B 00 01 00 00 00  12 00 00 00 00 00 00 00  | -I{.............
00000001007C5960 | 28 33 A2 00 01 00 00 00  C8 07 00 00 00 00 00 00  | (3..............
00000001007C5970 | 40 49 7B 00 01 00 00 00  0A 00 00 00 00 00 00 00  | @I{.............
00000001007C5980 | 28 33 A2 00 01 00 00 00  C8 07 00 00 00 00 00 00  | (3..............
00000001007C5990 | 4B 49 7B 00 01 00 00 00  08 00 00 00 00 00 00 00  | KI{.............
00000001007C59A0 | 28 33 A2 00 01 00 00 00  C8 07 00 00 00 00 00 00  | (3..............
00000001007C59B0 | 54 49 7B 00 01 00 00 00  0B 00 00 00 00 00 00 00  | TI{.............
00000001007C59C0 | 28 33 A2 00 01 00 00 00  C8 07 00 00 00 00 00 00  | (3..............
00000001007C59D0 | 60 49 7B 00 01 00 00 00  08 00 00 00 00 00 00 00  | `I{.............
00000001007C59E0 | 28 33 A2 00 01 00 00 00  C8 07 00 00 00 00 00 00  | (3..............
00000001007C59F0 | 69 49 7B 00 01 00 00 00  19 00 00 00 00 00 00 00  | iI{.............
00000001007C5A00 | 28 33 A2 00 01 00 00 00  C8 07 00 00 00 00 00 00  | (3..............
00000001007C5A10 | 83 49 7B 00 01 00 00 00  12 00 00 00 00 00 00 00  | .I{.............
00000001007C5A20 | 28 33 A2 00 01 00 00 00  C8 07 00 00 00 00 00 00  | (3..............
00000001007C5A30 | 96 49 7B 00 01 00 00 00  14 00 00 00 00 00 00 00  | .I{.............
00000001007C5A40 | 28 33 A2 00 01 00 00 00  C8 07 00 00 00 00 00 00  | (3..............
00000001007C5A50 | AB 49 7B 00 01 00 00 00  0F 00 00 00 00 00 00 00  | .I{.............
00000001007C5A60 | 28 33 A2 00 01 00 00 00  C8 07 00 00 00 00 00 00  | (3..............
00000001007C5A70 | BB 49 7B 00 01 00 00 00  0C 00 00 00 00 00 00 00  | .I{.............
00000001007C5A80 | 28 33 A2 00 01 00 00 00  C8 07 00 00 00 00 00 00  | (3..............
00000001007C5A90 | C8 49 7B 00 01 00 00 00  12 00 00 00 00 00 00 00  | .I{.............
00000001007C5AA0 | 28 33 A2 00 01 00 00 00  C8 07 00 00 00 00 00 00  | (3..............
00000001007C5AB0 | DB 49 7B 00 01 00 00 00  12 00 00 00 00 00 00 00  | .I{.............
00000001007C5AC0 | 28 33 A2 00 01 00 00 00  C8 07 00 00 00 00 00 00  | (3..............
00000001007C5AD0 | EE 49 7B 00 01 00 00 00  11 00 00 00 00 00 00 00  | .I{.............
00000001007C5AE0 | 28 33 A2 00 01 00 00 00  C8 07 00 00 00 00 00 00  | (3..............
00000001007C5AF0 | 00 4A 7B 00 01 00 00 00  15 00 00 00 00 00 00 00  | .J{.............
00000001007C5B00 | 28 33 A2 00 01 00 00 00  C8 07 00 00 00 00 00 00  | (3..............
00000001007C5B10 | 16 4A 7B 00 01 00 00 00  0F 00 00 00 00 00 00 00  | .J{.............
00000001007C5B20 | 28 33 A2 00 01 00 00 00  C8 07 00 00 00 00 00 00  | (3..............
00000001007C5B30 | 26 4A 7B 00 01 00 00 00  0B 00 00 00 00 00 00 00  | &J{.............
00000001007C5B40 | 28 33 A2 00 01 00 00 00  C8 07 00 00 00 00 00 00  | (3..............
00000001007C5B50 | 32 4A 7B 00 01 00 00 00  12 00 00 00 00 00 00 00  | 2J{.............
00000001007C5B60 | 28 33 A2 00 01 00 00 00  C8 07 00 00 00 00 00 00  | (3..............
00000001007C5B70 | 45 4A 7B 00 01 00 00 00  12 00 00 00 00 00 00 00  | EJ{.............
00000001007C5B80 | 28 33 A2 00 01 00 00 00  C8 07 00 00 00 00 00 00  | (3..............
00000001007C5B90 | 58 4A 7B 00 01 00 00 00  08 00 00 00 00 00 00 00  | XJ{.............
00000001007C5BA0 | 28 33 A2 00 01 00 00 00  C8 07 00 00 00 00 00 00  | (3..............
00000001007C5BB0 | 61 4A 7B 00 01 00 00 00  03 00 00 00 00 00 00 00  | aJ{.............
00000001007C5BC0 | 28 33 A2 00 01 00 00 00  C8 07 00 00 00 00 00 00  | (3..............
00000001007C5BD0 | 65 4A 7B 00 01 00 00 00  03 00 00 00 00 00 00 00  | eJ{.............
00000001007C5BE0 | 28 33 A2 00 01 00 00 00  C8 07 00 00 00 00 00 00  | (3..............
00000001007C5BF0 | 69 4A 7B 00 01 00 00 00  02 00 00 00 00 00 00 00  | iJ{.............
00000001007C5C00 | 28 33 A2 00 01 00 00 00  C8 07 00 00 00 00 00 00  | (3..............
00000001007C5C10 | 6C 4A 7B 00 01 00 00 00  0B 00 00 00 00 00 00 00  | lJ{.............
00000001007C5C20 | 28 33 A2 00 01 00 00 00  C8 07 00 00 00 00 00 00  | (3..............
00000001007C5C30 | 78 4A 7B 00 01 00 00 00  09 00 00 00 00 00 00 00  | xJ{.............
00000001007C5C40 | 28 33 A2 00 01 00 00 00  C8 07 00 00 00 00 00 00  | (3..............
00000001007C5C50 | 82 4A 7B 00 01 00 00 00  09 00 00 00 00 00 00 00  | .J{.............
00000001007C5C60 | 28 33 A2 00 01 00 00 00  C8 07 00 00 00 00 00 00  | (3..............
00000001007C5C70 | 8C 4A 7B 00 01 00 00 00  07 00 00 00 00 00 00 00  | .J{.............
00000001007C5C80 | 28 33 A2 00 01 00 00 00  C8 07 00 00 00 00 00 00  | (3..............
00000001007C5C90 | 94 4A 7B 00 01 00 00 00  12 00 00 00 00 00 00 00  | .J{.............
00000001007C5CA0 | 28 33 A2 00 01 00 00 00  C8 07 00 00 00 00 00 00  | (3..............
00000001007C5CB0 | A7 4A 7B 00 01 00 00 00  06 00 00 00 00 00 00 00  | .J{.............
00000001007C5CC0 | 28 33 A2 00 01 00 00 00  C8 07 00 00 00 00 00 00  | (3..............
00000001007C5CD0 | AE 4A 7B 00 01 00 00 00  04 00 00 00 00 00 00 00  | .J{.............
00000001007C5CE0 | 28 33 A2 00 01 00 00 00  C8 07 00 00 00 00 00 00  | (3..............
00000001007C5CF0 | B3 4A 7B 00 01 00 00 00  09 00 00 00 00 00 00 00  | .J{.............
00000001007C5D00 | 28 33 A2 00 01 00 00 00  C8 07 00 00 00 00 00 00  | (3..............
00000001007C5D10 | BD 4A 7B 00 01 00 00 00  01 00 00 00 00 00 00 00  | .J{.............
00000001007C5D20 | 28 33 A2 00 01 00 00 00  C8 07 00 00 00 00 00 00  | (3..............
00000001007C5D30 | BF 4A 7B 00 01 00 00 00  01 00 00 00 00 00 00 00  | .J{.............
00000001007C5D40 | 28 33 A2 00 01 00 00 00  C8 07 00 00 00 00 00 00  | (3..............
00000001007C5D50 | C1 4A 7B 00 01 00 00 00  04 00 00 00 00 00 00 00  | .J{.............
00000001007C5D60 | 28 33 A2 00 01 00 00 00  C8 07 00 00 00 00 00 00  | (3..............
00000001007C5D70 | C6 4A 7B 00 01 00 00 00  0A 00 00 00 00 00 00 00  | .J{.............
00000001007C5D80 | 28 33 A2 00 01 00 00 00  C8 07 00 00 00 00 00 00  | (3..............
00000001007C5D90 | D1 4A 7B 00 01 00 00 00  04 00 00 00 00 00 00 00  | .J{.............
00000001007C5DA0 | 28 33 A2 00 01 00 00 00  C8 07 00 00 00 00 00 00  | (3..............
00000001007C5DB0 | D6 4A 7B 00 01 00 00 00  0A 00 00 00 00 00 00 00  | .J{.............
00000001007C5DC0 | 28 33 A2 00 01 00 00 00  C8 07 00 00 00 00 00 00  | (3..............
00000001007C5DD0 | E1 4A 7B 00 01 00 00 00  0A 00 00 00 00 00 00 00  | .J{.............
00000001007C5DE0 | 28 33 A2 00 01 00 00 00  C8 07 00 00 00 00 00 00  | (3..............
00000001007C5DF0 | EC 4A 7B 00 01 00 00 00  09 00 00 00 00 00 00 00  | .J{.............
00000001007C5E00 | 28 33 A2 00 01 00 00 00  C8 07 00 00 00 00 00 00  | (3..............
00000001007C5E10 | F6 4A 7B 00 01 00 00 00  0A 00 00 00 00 00 00 00  | .J{.............
00000001007C5E20 | 28 33 A2 00 01 00 00 00  D0 07 00 00 00 00 00 00  | (3..............
00000001007C5E30 | 58 C9 7B 00 01 00 00 00  0C 00 00 00 00 00 00 00  | X.{.............
00000001007C5E40 | 28 33 A2 00 01 00 00 00  C8 07 00 00 00 00 00 00  | (3..............
00000001007C5E50 | 01 4B 7B 00 01 00 00 00  0B 00 00 00 00 00 00 00  | .K{.............
00000001007C5E60 | 28 33 A2 00 01 00 00 00  D0 07 00 00 00 00 00 00  | (3..............
00000001007C5E70 | 72 C9 7B 00 01 00 00 00  0F 00 00 00 00 00 00 00  | r.{.............
00000001007C5E80 | 28 33 A2 00 01 00 00 00  C8 07 00 00 00 00 00 00  | (3..............
00000001007C5E90 | 0D 4B 7B 00 01 00 00 00  0C 00 00 00 00 00 00 00  | .K{.............
00000001007C5EA0 | 28 33 A2 00 01 00 00 00  C8 07 00 00 00 00 00 00  | (3..............
00000001007C5EB0 | 1A 4B 7B 00 01 00 00 00  0A 00 00 00 00 00 00 00  | .K{.............
00000001007C5EC0 | 28 33 A2 00 01 00 00 00  D0 07 00 00 00 00 00 00  | (3..............
00000001007C5ED0 | 92 C9 7B 00 01 00 00 00  0C 00 00 00 00 00 00 00  | ..{.............
00000001007C5EE0 | 28 33 A2 00 01 00 00 00  D0 07 00 00 00 00 00 00  | (3..............
00000001007C5EF0 | AC C9 7B 00 01 00 00 00  56 00 00 00 00 00 00 00  | ..{.....V.......
00000001007C5F00 | 28 33 A2 00 01 00 00 00  D0 07 00 00 00 00 00 00  | (3..............
00000001007C5F10 | 5A CA 7B 00 01 00 00 00  07 00 00 00 00 00 00 00  | Z.{.............
00000001007C5F20 | 28 33 A2 00 01 00 00 00  C8 07 00 00 00 00 00 00  | (3..............
00000001007C5F30 | 25 4B 7B 00 01 00 00 00  12 00 00 00 00 00 00 00  | %K{.............
00000001007C5F40 | 28 33 A2 00 01 00 00 00  C8 07 00 00 00 00 00 00  | (3..............
00000001007C5F50 | 38 4B 7B 00 01 00 00 00  07 00 00 00 00 00 00 00  | 8K{.............
00000001007C5F60 | 28 33 A2 00 01 00 00 00  C8 07 00 00 00 00 00 00  | (3..............
00000001007C5F70 | 40 4B 7B 00 01 00 00 00  05 00 00 00 00 00 00 00  | @K{.............
00000001007C5F80 | 28 33 A2 00 01 00 00 00  C8 07 00 00 00 00 00 00  | (3..............
00000001007C5F90 | 46 4B 7B 00 01 00 00 00  0D 00 00 00 00 00 00 00  | FK{.............
00000001007C5FA0 | 28 33 A2 00 01 00 00 00  C8 07 00 00 00 00 00 00  | (3..............
00000001007C5FB0 | 54 4B 7B 00 01 00 00 00  0B 00 00 00 00 00 00 00  | TK{.............
00000001007C5FC0 | 28 33 A2 00 01 00 00 00  C8 07 00 00 00 00 00 00  | (3..............
00000001007C5FD0 | 60 4B 7B 00 01 00 00 00  0F 00 00 00 00 00 00 00  | `K{.............
00000001007C5FE0 | 28 33 A2 00 01 00 00 00  C8 07 00 00 00 00 00 00  | (3..............
00000001007C5FF0 | 70 4B 7B 00 01 00 00 00  10 00 00 00 00 00 00 00  | pK{.............
00000001007C6000 | 28 33 A2 00 01 00 00 00  C8 07 00 00 00 00 00 00  | (3..............
00000001007C6010 | 81 4B 7B 00 01 00 00 00  0B 00 00 00 00 00 00 00  | .K{.............
00000001007C6020 | 28 33 A2 00 01 00 00 00  C8 07 00 00 00 00 00 00  | (3..............
00000001007C6030 | 8D 4B 7B 00 01 00 00 00  04 00 00 00 00 00 00 00  | .K{.............
00000001007C6040 | 28 33 A2 00 01 00 00 00  C8 07 00 00 00 00 00 00  | (3..............
00000001007C6050 | 92 4B 7B 00 01 00 00 00  11 00 00 00 00 00 00 00  | .K{.............
00000001007C6060 | 28 33 A2 00 01 00 00 00  C8 07 00 00 00 00 00 00  | (3..............
00000001007C6070 | A4 4B 7B 00 01 00 00 00  01 00 00 00 00 00 00 00  | .K{.............
00000001007C6080 | 28 33 A2 00 01 00 00 00  C8 07 00 00 00 00 00 00  | (3..............
00000001007C6090 | A6 4B 7B 00 01 00 00 00  01 00 00 00 00 00 00 00  | .K{.............
00000001007C60A0 | 28 33 A2 00 01 00 00 00  C8 07 00 00 00 00 00 00  | (3..............
00000001007C60B0 | A8 4B 7B 00 01 00 00 00  09 00 00 00 00 00 00 00  | .K{.............
00000001007C60C0 | 28 33 A2 00 01 00 00 00  C8 07 00 00 00 00 00 00  | (3..............
00000001007C60D0 | E0 4B 7B 00 01 00 00 00  02 00 00 00 00 00 00 00  | .K{.............
00000001007C60E0 | 28 33 A2 00 01 00 00 00  C8 07 00 00 00 00 00 00  | (3..............
00000001007C60F0 | E3 4B 7B 00 01 00 00 00  08 00 00 00 00 00 00 00  | .K{.............
00000001007C6100 | 28 33 A2 00 01 00 00 00  C8 07 00 00 00 00 00 00  | (3..............
00000001007C6110 | EC 4B 7B 00 01 00 00 00  1F 00 00 00 00 00 00 00  | .K{.............
00000001007C6120 | 28 33 A2 00 01 00 00 00  C8 07 00 00 00 00 00 00  | (3..............
00000001007C6130 | 0C 4C 7B 00 01 00 00 00  10 00 00 00 00 00 00 00  | .L{.............
00000001007C6140 | 28 33 A2 00 01 00 00 00  C8 07 00 00 00 00 00 00  | (3..............
00000001007C6150 | 1D 4C 7B 00 01 00 00 00  06 00 00 00 00 00 00 00  | .L{.............
00000001007C6160 | 28 33 A2 00 01 00 00 00  C8 07 00 00 00 00 00 00  | (3..............
00000001007C6170 | 24 4C 7B 00 01 00 00 00  0B 00 00 00 00 00 00 00  | $L{.............
00000001007C6180 | 28 33 A2 00 01 00 00 00  C8 07 00 00 00 00 00 00  | (3..............
00000001007C6190 | 30 4C 7B 00 01 00 00 00  20 00 00 00 00 00 00 00  | 0L{..... .......
00000001007C61A0 | 28 33 A2 00 01 00 00 00  C8 07 00 00 00 00 00 00  | (3..............
00000001007C61B0 | 51 4C 7B 00 01 00 00 00  0D 00 00 00 00 00 00 00  | QL{.............
00000001007C61C0 | 28 33 A2 00 01 00 00 00  C8 07 00 00 00 00 00 00  | (3..............
00000001007C61D0 | 5F 4C 7B 00 01 00 00 00  0A 00 00 00 00 00 00 00  | _L{.............
00000001007C61E0 | 28 33 A2 00 01 00 00 00  C8 07 00 00 00 00 00 00  | (3..............
00000001007C61F0 | 6A 4C 7B 00 01 00 00 00  0B 00 00 00 00 00 00 00  | jL{.............
00000001007C6200 | 28 33 A2 00 01 00 00 00  C8 07 00 00 00 00 00 00  | (3..............
00000001007C6210 | 76 4C 7B 00 01 00 00 00  0B 00 00 00 00 00 00 00  | vL{.............
00000001007C6220 | 28 33 A2 00 01 00 00 00  C8 07 00 00 00 00 00 00  | (3..............
00000001007C6230 | 82 4C 7B 00 01 00 00 00  07 00 00 00 00 00 00 00  | .L{.............
00000001007C6240 | 28 33 A2 00 01 00 00 00  C8 07 00 00 00 00 00 00  | (3..............
00000001007C6250 | 8A 4C 7B 00 01 00 00 00  05 00 00 00 00 00 00 00  | .L{.............
00000001007C6260 | 28 33 A2 00 01 00 00 00  C8 07 00 00 00 00 00 00  | (3..............
00000001007C6270 | 90 4C 7B 00 01 00 00 00  0B 00 00 00 00 00 00 00  | .L{.............
00000001007C6280 | 28 33 A2 00 01 00 00 00  C8 07 00 00 00 00 00 00  | (3..............
00000001007C6290 | 9C 4C 7B 00 01 00 00 00  16 00 00 00 00 00 00 00  | .L{.............
00000001007C62A0 | 28 33 A2 00 01 00 00 00  C8 07 00 00 00 00 00 00  | (3..............
00000001007C62B0 | B3 4C 7B 00 01 00 00 00  15 00 00 00 00 00 00 00  | .L{.............
00000001007C62C0 | 28 33 A2 00 01 00 00 00  C8 07 00 00 00 00 00 00  | (3..............
00000001007C62D0 | C9 4C 7B 00 01 00 00 00  13 00 00 00 00 00 00 00  | .L{.............
00000001007C62E0 | 28 33 A2 00 01 00 00 00  C8 07 00 00 00 00 00 00  | (3..............
00000001007C62F0 | DD 4C 7B 00 01 00 00 00  18 00 00 00 00 00 00 00  | .L{.............
00000001007C6300 | 28 33 A2 00 01 00 00 00  C8 07 00 00 00 00 00 00  | (3..............
00000001007C6310 | F6 4C 7B 00 01 00 00 00  08 00 00 00 00 00 00 00  | .L{.............
00000001007C6320 | 28 33 A2 00 01 00 00 00  C8 07 00 00 00 00 00 00  | (3..............
00000001007C6330 | FF 4C 7B 00 01 00 00 00  0E 00 00 00 00 00 00 00  | .L{.............
00000001007C6340 | 28 33 A2 00 01 00 00 00  C8 07 00 00 00 00 00 00  | (3..............
00000001007C6350 | 0E 4D 7B 00 01 00 00 00  07 00 00 00 00 00 00 00  | .M{.............
00000001007C6360 | 28 33 A2 00 01 00 00 00  C8 07 00 00 00 00 00 00  | (3..............
00000001007C6370 | 16 4D 7B 00 01 00 00 00  07 00 00 00 00 00 00 00  | .M{.............
00000001007C6380 | 28 33 A2 00 01 00 00 00  C8 07 00 00 00 00 00 00  | (3..............
00000001007C6390 | 1E 4D 7B 00 01 00 00 00  0E 00 00 00 00 00 00 00  | .M{.............
00000001007C63A0 | 28 33 A2 00 01 00 00 00  C8 07 00 00 00 00 00 00  | (3..............
00000001007C63B0 | 2D 4D 7B 00 01 00 00 00  0E 00 00 00 00 00 00 00  | -M{.............
00000001007C63C0 | 28 33 A2 00 01 00 00 00  C8 07 00 00 00 00 00 00  | (3..............
00000001007C63D0 | 3C 4D 7B 00 01 00 00 00  10 00 00 00 00 00 00 00  | <M{.............
00000001007C63E0 | 28 33 A2 00 01 00 00 00  C8 07 00 00 00 00 00 00  | (3..............
00000001007C63F0 | 4D 4D 7B 00 01 00 00 00  19 00 00 00 00 00 00 00  | MM{.............
00000001007C6400 | 28 33 A2 00 01 00 00 00  C8 07 00 00 00 00 00 00  | (3..............
00000001007C6410 | 67 4D 7B 00 01 00 00 00  08 00 00 00 00 00 00 00  | gM{.............
00000001007C6420 | 28 33 A2 00 01 00 00 00  C8 07 00 00 00 00 00 00  | (3..............
00000001007C6430 | 70 4D 7B 00 01 00 00 00  10 00 00 00 00 00 00 00  | pM{.............
00000001007C6440 | 28 33 A2 00 01 00 00 00  C8 07 00 00 00 00 00 00  | (3..............
00000001007C6450 | 81 4D 7B 00 01 00 00 00  0A 00 00 00 00 00 00 00  | .M{.............
00000001007C6460 | 28 33 A2 00 01 00 00 00  C8 07 00 00 00 00 00 00  | (3..............
00000001007C6470 | 8C 4D 7B 00 01 00 00 00  0A 00 00 00 00 00 00 00  | .M{.............
00000001007C6480 | 28 33 A2 00 01 00 00 00  C8 07 00 00 00 00 00 00  | (3..............
00000001007C6490 | 97 4D 7B 00 01 00 00 00  08 00 00 00 00 00 00 00  | .M{.............
00000001007C64A0 | 28 33 A2 00 01 00 00 00  C8 07 00 00 00 00 00 00  | (3..............
00000001007C64B0 | A0 4D 7B 00 01 00 00 00  05 00 00 00 00 00 00 00  | .M{.............
00000001007C64C0 | 28 33 A2 00 01 00 00 00  C8 07 00 00 00 00 00 00  | (3..............
00000001007C64D0 | A6 4D 7B 00 01 00 00 00  15 00 00 00 00 00 00 00  | .M{.............
00000001007C64E0 | 28 33 A2 00 01 00 00 00  C8 07 00 00 00 00 00 00  | (3..............
00000001007C64F0 | BC 4D 7B 00 01 00 00 00  07 00 00 00 00 00 00 00  | .M{.............
00000001007C6500 | 28 33 A2 00 01 00 00 00  C8 07 00 00 00 00 00 00  | (3..............
00000001007C6510 | C4 4D 7B 00 01 00 00 00  1A 00 00 00 00 00 00 00  | .M{.............
00000001007C6520 | 28 33 A2 00 01 00 00 00  C8 07 00 00 00 00 00 00  | (3..............
00000001007C6530 | DF 4D 7B 00 01 00 00 00  08 00 00 00 00 00 00 00  | .M{.............
00000001007C6540 | 28 33 A2 00 01 00 00 00  C8 07 00 00 00 00 00 00  | (3..............
00000001007C6550 | E8 4D 7B 00 01 00 00 00  17 00 00 00 00 00 00 00  | .M{.............
00000001007C6560 | 28 33 A2 00 01 00 00 00  C8 07 00 00 00 00 00 00  | (3..............
00000001007C6570 | 00 4E 7B 00 01 00 00 00  09 00 00 00 00 00 00 00  | .N{.............
00000001007C6580 | 28 33 A2 00 01 00 00 00  C8 07 00 00 00 00 00 00  | (3..............
00000001007C6590 | 0A 4E 7B 00 01 00 00 00  15 00 00 00 00 00 00 00  | .N{.............
00000001007C65A0 | 28 33 A2 00 01 00 00 00  C8 07 00 00 00 00 00 00  | (3..............
00000001007C65B0 | 20 4E 7B 00 01 00 00 00  07 00 00 00 00 00 00 00  |  N{.............
00000001007C65C0 | 28 33 A2 00 01 00 00 00  C8 07 00 00 00 00 00 00  | (3..............
00000001007C65D0 | 28 4E 7B 00 01 00 00 00  13 00 00 00 00 00 00 00  | (N{.............
00000001007C65E0 | 28 33 A2 00 01 00 00 00  C8 07 00 00 00 00 00 00  | (3..............
00000001007C65F0 | 3C 4E 7B 00 01 00 00 00  0A 00 00 00 00 00 00 00  | <N{.............
00000001007C6600 | 28 33 A2 00 01 00 00 00  C8 07 00 00 00 00 00 00  | (3..............
00000001007C6610 | 47 4E 7B 00 01 00 00 00  26 00 00 00 00 00 00 00  | GN{.....&.......
00000001007C6620 | 28 33 A2 00 01 00 00 00  C8 07 00 00 00 00 00 00  | (3..............
00000001007C6630 | 6E 4E 7B 00 01 00 00 00  29 00 00 00 00 00 00 00  | nN{.....).......
00000001007C6640 | 28 33 A2 00 01 00 00 00  C8 07 00 00 00 00 00 00  | (3..............
00000001007C6650 | 98 4E 7B 00 01 00 00 00  06 00 00 00 00 00 00 00  | .N{.............
00000001007C6660 | 28 33 A2 00 01 00 00 00  C8 07 00 00 00 00 00 00  | (3..............
00000001007C6670 | 9F 4E 7B 00 01 00 00 00  06 00 00 00 00 00 00 00  | .N{.............
00000001007C6680 | 28 33 A2 00 01 00 00 00  C8 07 00 00 00 00 00 00  | (3..............
00000001007C6690 | A6 4E 7B 00 01 00 00 00  19 00 00 00 00 00 00 00  | .N{.............
00000001007C66A0 | 28 33 A2 00 01 00 00 00  C8 07 00 00 00 00 00 00  | (3..............
00000001007C66B0 | C0 4E 7B 00 01 00 00 00  1C 00 00 00 00 00 00 00  | .N{.............
00000001007C66C0 | 28 33 A2 00 01 00 00 00  C8 07 00 00 00 00 00 00  | (3..............
00000001007C66D0 | DD 4E 7B 00 01 00 00 00  1B 00 00 00 00 00 00 00  | .N{.............
00000001007C66E0 | 28 33 A2 00 01 00 00 00  C8 07 00 00 00 00 00 00  | (3..............
00000001007C66F0 | 00 4F 7B 00 01 00 00 00  0A 00 00 00 00 00 00 00  | .O{.............
00000001007C6700 | 28 33 A2 00 01 00 00 00  C8 07 00 00 00 00 00 00  | (3..............
00000001007C6710 | 0B 4F 7B 00 01 00 00 00  15 00 00 00 00 00 00 00  | .O{.............
00000001007C6720 | 28 33 A2 00 01 00 00 00  C8 07 00 00 00 00 00 00  | (3..............
00000001007C6730 | 21 4F 7B 00 01 00 00 00  13 00 00 00 00 00 00 00  | !O{.............
00000001007C6740 | 28 33 A2 00 01 00 00 00  C8 07 00 00 00 00 00 00  | (3..............
00000001007C6750 | 35 4F 7B 00 01 00 00 00  17 00 00 00 00 00 00 00  | 5O{.............
00000001007C6760 | 28 33 A2 00 01 00 00 00  C8 07 00 00 00 00 00 00  | (3..............
00000001007C6770 | 4D 4F 7B 00 01 00 00 00  12 00 00 00 00 00 00 00  | MO{.............
00000001007C6780 | 28 33 A2 00 01 00 00 00  C8 07 00 00 00 00 00 00  | (3..............
00000001007C6790 | 60 4F 7B 00 01 00 00 00  0A 00 00 00 00 00 00 00  | `O{.............
00000001007C67A0 | 28 33 A2 00 01 00 00 00  C8 07 00 00 00 00 00 00  | (3..............
00000001007C67B0 | 6B 4F 7B 00 01 00 00 00  19 00 00 00 00 00 00 00  | kO{.............
00000001007C67C0 | 28 33 A2 00 01 00 00 00  C8 07 00 00 00 00 00 00  | (3..............
00000001007C67D0 | 85 4F 7B 00 01 00 00 00  03 00 00 00 00 00 00 00  | .O{.............
00000001007C67E0 | 28 33 A2 00 01 00 00 00  C8 07 00 00 00 00 00 00  | (3..............
00000001007C67F0 | 89 4F 7B 00 01 00 00 00  09 00 00 00 00 00 00 00  | .O{.............
00000001007C6800 | 28 33 A2 00 01 00 00 00  C8 07 00 00 00 00 00 00  | (3..............
00000001007C6810 | 93 4F 7B 00 01 00 00 00  12 00 00 00 00 00 00 00  | .O{.............
00000001007C6820 | 28 33 A2 00 01 00 00 00  C8 07 00 00 00 00 00 00  | (3..............
00000001007C6830 | A6 4F 7B 00 01 00 00 00  09 00 00 00 00 00 00 00  | .O{.............
00000001007C6840 | 28 33 A2 00 01 00 00 00  C8 07 00 00 00 00 00 00  | (3..............
00000001007C6850 | B0 4F 7B 00 01 00 00 00  0C 00 00 00 00 00 00 00  | .O{.............
00000001007C6860 | 28 33 A2 00 01 00 00 00  C8 07 00 00 00 00 00 00  | (3..............
00000001007C6870 | BD 4F 7B 00 01 00 00 00  0A 00 00 00 00 00 00 00  | .O{.............
00000001007C6880 | 28 33 A2 00 01 00 00 00  C8 07 00 00 00 00 00 00  | (3..............
00000001007C6890 | D9 4F 7B 00 01 00 00 00  40 00 00 00 00 00 00 00  | .O{.....@.......
00000001007C68A0 | 28 33 A2 00 01 00 00 00  C8 07 00 00 00 00 00 00  | (3..............
00000001007C68B0 | 1A 50 7B 00 01 00 00 00  05 00 00 00 00 00 00 00  | .P{.............
00000001007C68C0 | 28 33 A2 00 01 00 00 00  C8 07 00 00 00 00 00 00  | (3..............
00000001007C68D0 | 20 50 7B 00 01 00 00 00  3E 00 00 00 00 00 00 00  |  P{.....>.......
00000001007C68E0 | 28 33 A2 00 01 00 00 00  C8 07 00 00 00 00 00 00  | (3..............
00000001007C68F0 | 5F 50 7B 00 01 00 00 00  01 00 00 00 00 00 00 00  | _P{.............
00000001007C6900 | 28 33 A2 00 01 00 00 00  C8 07 00 00 00 00 00 00  | (3..............
00000001007C6910 | 61 50 7B 00 01 00 00 00  03 00 00 00 00 00 00 00  | aP{.............
00000001007C6920 | 28 33 A2 00 01 00 00 00  C8 07 00 00 00 00 00 00  | (3..............
00000001007C6930 | 65 50 7B 00 01 00 00 00  13 00 00 00 00 00 00 00  | eP{.............
00000001007C6940 | 28 33 A2 00 01 00 00 00  C8 07 00 00 00 00 00 00  | (3..............
00000001007C6950 | 79 50 7B 00 01 00 00 00  0D 00 00 00 00 00 00 00  | yP{.............
00000001007C6960 | 28 33 A2 00 01 00 00 00  C8 07 00 00 00 00 00 00  | (3..............
00000001007C6970 | 87 50 7B 00 01 00 00 00  31 00 00 00 00 00 00 00  | .P{.....1.......
00000001007C6980 | 28 33 A2 00 01 00 00 00  C8 07 00 00 00 00 00 00  | (3..............
00000001007C6990 | B9 50 7B 00 01 00 00 00  0D 00 00 00 00 00 00 00  | .P{.............
00000001007C69A0 | 28 33 A2 00 01 00 00 00  C8 07 00 00 00 00 00 00  | (3..............
00000001007C69B0 | C7 50 7B 00 01 00 00 00  17 00 00 00 00 00 00 00  | .P{.............
00000001007C69C0 | 28 33 A2 00 01 00 00 00  C8 07 00 00 00 00 00 00  | (3..............
00000001007C69D0 | DF 50 7B 00 01 00 00 00  18 00 00 00 00 00 00 00  | .P{.............
00000001007C69E0 | 28 33 A2 00 01 00 00 00  C8 07 00 00 00 00 00 00  | (3..............
00000001007C69F0 | F8 50 7B 00 01 00 00 00  14 00 00 00 00 00 00 00  | .P{.............
00000001007C6A00 | 28 33 A2 00 01 00 00 00  C8 07 00 00 00 00 00 00  | (3..............
00000001007C6A10 | 0D 51 7B 00 01 00 00 00  17 00 00 00 00 00 00 00  | .Q{.............
00000001007C6A20 | 28 33 A2 00 01 00 00 00  C8 07 00 00 00 00 00 00  | (3..............
00000001007C6A30 | 25 51 7B 00 01 00 00 00  04 00 00 00 00 00 00 00  | %Q{.............
00000001007C6A40 | 28 33 A2 00 01 00 00 00  C8 07 00 00 00 00 00 00  | (3..............
00000001007C6A50 | 2A 51 7B 00 01 00 00 00  0F 00 00 00 00 00 00 00  | *Q{.............
00000001007C6A60 | 28 33 A2 00 01 00 00 00  C8 07 00 00 00 00 00 00  | (3..............
00000001007C6A70 | 3A 51 7B 00 01 00 00 00  02 00 00 00 00 00 00 00  | :Q{.............
00000001007C6A80 | 28 33 A2 00 01 00 00 00  C8 07 00 00 00 00 00 00  | (3..............
00000001007C6A90 | 3D 51 7B 00 01 00 00 00  3A 00 00 00 00 00 00 00  | =Q{.....:.......
00000001007C6AA0 | 28 33 A2 00 01 00 00 00  C8 07 00 00 00 00 00 00  | (3..............
00000001007C6AB0 | 78 51 7B 00 01 00 00 00  0A 00 00 00 00 00 00 00  | xQ{.............
00000001007C6AC0 | 28 33 A2 00 01 00 00 00  C8 07 00 00 00 00 00 00  | (3..............
00000001007C6AD0 | 83 51 7B 00 01 00 00 00  03 00 00 00 00 00 00 00  | .Q{.............
00000001007C6AE0 | 28 33 A2 00 01 00 00 00  C8 07 00 00 00 00 00 00  | (3..............
00000001007C6AF0 | 87 51 7B 00 01 00 00 00  19 00 00 00 00 00 00 00  | .Q{.............
00000001007C6B00 | 28 33 A2 00 01 00 00 00  C8 07 00 00 00 00 00 00  | (3..............
00000001007C6B10 | A1 51 7B 00 01 00 00 00  41 00 00 00 00 00 00 00  | .Q{.....A.......
00000001007C6B20 | 28 33 A2 00 01 00 00 00  C8 07 00 00 00 00 00 00  | (3..............
00000001007C6B30 | E3 51 7B 00 01 00 00 00  32 00 00 00 00 00 00 00  | .Q{.....2.......
00000001007C6B40 | 28 33 A2 00 01 00 00 00  C8 07 00 00 00 00 00 00  | (3..............
00000001007C6B50 | 16 52 7B 00 01 00 00 00  53 00 00 00 00 00 00 00  | .R{.....S.......
00000001007C6B60 | 28 33 A2 00 01 00 00 00  C8 07 00 00 00 00 00 00  | (3..............
00000001007C6B70 | 6A 52 7B 00 01 00 00 00  5D 00 00 00 00 00 00 00  | jR{.....].......
00000001007C6B80 | 28 33 A2 00 01 00 00 00  C8 07 00 00 00 00 00 00  | (3..............
00000001007C6B90 | C8 52 7B 00 01 00 00 00  29 00 00 00 00 00 00 00  | .R{.....).......
00000001007C6BA0 | 28 33 A2 00 01 00 00 00  C8 07 00 00 00 00 00 00  | (3..............
00000001007C6BB0 | F2 52 7B 00 01 00 00 00  20 00 00 00 00 00 00 00  | .R{..... .......
00000001007C6BC0 | 28 33 A2 00 01 00 00 00  C8 07 00 00 00 00 00 00  | (3..............
00000001007C6BD0 | 13 53 7B 00 01 00 00 00  21 00 00 00 00 00 00 00  | .S{.....!.......
00000001007C6BE0 | 28 33 A2 00 01 00 00 00  C8 07 00 00 00 00 00 00  | (3..............
00000001007C6BF0 | 35 53 7B 00 01 00 00 00  22 00 00 00 00 00 00 00  | 5S{.....".......
00000001007C6C00 | 28 33 A2 00 01 00 00 00  C8 07 00 00 00 00 00 00  | (3..............
00000001007C6C10 | 58 53 7B 00 01 00 00 00  71 00 00 00 00 00 00 00  | XS{.....q.......
00000001007C6C20 | 28 33 A2 00 01 00 00 00  C8 07 00 00 00 00 00 00  | (3..............
00000001007C6C30 | CA 53 7B 00 01 00 00 00  03 00 00 00 00 00 00 00  | .S{.............
00000001007C6C40 | 28 33 A2 00 01 00 00 00  C8 07 00 00 00 00 00 00  | (3..............
00000001007C6C50 | CE 53 7B 00 01 00 00 00  0B 00 00 00 00 00 00 00  | .S{.............
00000001007C6C60 | 28 33 A2 00 01 00 00 00  C8 07 00 00 00 00 00 00  | (3..............
00000001007C6C70 | DA 53 7B 00 01 00 00 00  04 00 00 00 00 00 00 00  | .S{.............
00000001007C6C80 | 28 33 A2 00 01 00 00 00  C8 07 00 00 00 00 00 00  | (3..............
00000001007C6C90 | DF 53 7B 00 01 00 00 00  05 00 00 00 00 00 00 00  | .S{.............
00000001007C6CA0 | 28 33 A2 00 01 00 00 00  C8 07 00 00 00 00 00 00  | (3..............
00000001007C6CB0 | E5 53 7B 00 01 00 00 00  04 00 00 00 00 00 00 00  | .S{.............
00000001007C6CC0 | 28 33 A2 00 01 00 00 00  C8 07 00 00 00 00 00 00  | (3..............
00000001007C6CD0 | EA 53 7B 00 01 00 00 00  1B 00 00 00 00 00 00 00  | .S{.............
00000001007C6CE0 | 28 33 A2 00 01 00 00 00  C8 07 00 00 00 00 00 00  | (3..............
00000001007C6CF0 | 06 54 7B 00 01 00 00 00  06 00 00 00 00 00 00 00  | .T{.............
00000001007C6D00 | 28 33 A2 00 01 00 00 00  C8 07 00 00 00 00 00 00  | (3..............
00000001007C6D10 | 0D 54 7B 00 01 00 00 00  0C 00 00 00 00 00 00 00  | .T{.............
00000001007C6D20 | 28 33 A2 00 01 00 00 00  C8 07 00 00 00 00 00 00  | (3..............
00000001007C6D30 | 1A 54 7B 00 01 00 00 00  24 00 00 00 00 00 00 00  | .T{.....$.......
00000001007C6D40 | 28 33 A2 00 01 00 00 00  C8 07 00 00 00 00 00 00  | (3..............
00000001007C6D50 | 3F 54 7B 00 01 00 00 00  02 00 00 00 00 00 00 00  | ?T{.............
00000001007C6D60 | 28 33 A2 00 01 00 00 00  C8 07 00 00 00 00 00 00  | (3..............
00000001007C6D70 | 42 54 7B 00 01 00 00 00  01 00 00 00 00 00 00 00  | BT{.............
00000001007C6D80 | 28 33 A2 00 01 00 00 00  C8 07 00 00 00 00 00 00  | (3..............
00000001007C6D90 | 44 54 7B 00 01 00 00 00  01 00 00 00 00 00 00 00  | DT{.............
00000001007C6DA0 | 28 33 A2 00 01 00 00 00  C8 07 00 00 00 00 00 00  | (3..............
00000001007C6DB0 | 46 54 7B 00 01 00 00 00  19 00 00 00 00 00 00 00  | FT{.............
00000001007C6DC0 | 28 33 A2 00 01 00 00 00  C8 07 00 00 00 00 00 00  | (3..............
00000001007C6DD0 | 63 54 7B 00 01 00 00 00  26 00 00 00 00 00 00 00  | cT{.....&.......
00000001007C6DE0 | 28 33 A2 00 01 00 00 00  C8 07 00 00 00 00 00 00  | (3..............
00000001007C6DF0 | 8A 54 7B 00 01 00 00 00  17 00 00 00 00 00 00 00  | .T{.............
00000001007C6E00 | 28 33 A2 00 01 00 00 00  C8 07 00 00 00 00 00 00  | (3..............
00000001007C6E10 | A2 54 7B 00 01 00 00 00  18 00 00 00 00 00 00 00  | .T{.............
00000001007C6E20 | 28 33 A2 00 01 00 00 00  C8 07 00 00 00 00 00 00  | (3..............
00000001007C6E30 | BB 54 7B 00 01 00 00 00  26 00 00 00 00 00 00 00  | .T{.....&.......
00000001007C6E40 | 28 33 A2 00 01 00 00 00  C8 07 00 00 00 00 00 00  | (3..............
00000001007C6E50 | E2 54 7B 00 01 00 00 00  0D 00 00 00 00 00 00 00  | .T{.............
00000001007C6E60 | 28 33 A2 00 01 00 00 00  C8 07 00 00 00 00 00 00  | (3..............
00000001007C6E70 | F0 54 7B 00 01 00 00 00  27 00 00 00 00 00 00 00  | .T{.....'.......
00000001007C6E80 | 28 33 A2 00 01 00 00 00  C8 07 00 00 00 00 00 00  | (3..............
00000001007C6E90 | 2E 55 7B 00 01 00 00 00  31 00 00 00 00 00 00 00  | .U{.....1.......
00000001007C6EA0 | 28 33 A2 00 01 00 00 00  C8 07 00 00 00 00 00 00  | (3..............
00000001007C6EB0 | 60 55 7B 00 01 00 00 00  11 00 00 00 00 00 00 00  | `U{.............
00000001007C6EC0 | 28 33 A2 00 01 00 00 00  C8 07 00 00 00 00 00 00  | (3..............
00000001007C6ED0 | 9D 55 7B 00 01 00 00 00  02 00 00 00 00 00 00 00  | .U{.............
00000001007C6EE0 | 28 33 A2 00 01 00 00 00  C8 07 00 00 00 00 00 00  | (3..............
00000001007C6EF0 | A0 55 7B 00 01 00 00 00  04 00 00 00 00 00 00 00  | .U{.............
00000001007C6F00 | 28 33 A2 00 01 00 00 00  C8 07 00 00 00 00 00 00  | (3..............
00000001007C6F10 | A5 55 7B 00 01 00 00 00  04 00 00 00 00 00 00 00  | .U{.............
00000001007C6F20 | 28 33 A2 00 01 00 00 00  C8 07 00 00 00 00 00 00  | (3..............
00000001007C6F30 | AA 55 7B 00 01 00 00 00  05 00 00 00 00 00 00 00  | .U{.............
00000001007C6F40 | 28 33 A2 00 01 00 00 00  C8 07 00 00 00 00 00 00  | (3..............
00000001007C6F50 | B0 55 7B 00 01 00 00 00  04 00 00 00 00 00 00 00  | .U{.............
00000001007C6F60 | 28 33 A2 00 01 00 00 00  C8 07 00 00 00 00 00 00  | (3..............
00000001007C6F70 | B5 55 7B 00 01 00 00 00  0E 00 00 00 00 00 00 00  | .U{.............
00000001007C6F80 | 28 33 A2 00 01 00 00 00  C8 07 00 00 00 00 00 00  | (3..............
00000001007C6F90 | C4 55 7B 00 01 00 00 00  09 00 00 00 00 00 00 00  | .U{.............
00000001007C6FA0 | 28 33 A2 00 01 00 00 00  C8 07 00 00 00 00 00 00  | (3..............
00000001007C6FB0 | CE 55 7B 00 01 00 00 00  10 00 00 00 00 00 00 00  | .U{.............
00000001007C6FC0 | 28 33 A2 00 01 00 00 00  C8 07 00 00 00 00 00 00  | (3..............
00000001007C6FD0 | DF 55 7B 00 01 00 00 00  10 00 00 00 00 00 00 00  | .U{.............
00000001007C6FE0 | 28 33 A2 00 01 00 00 00  C8 07 00 00 00 00 00 00  | (3..............
00000001007C6FF0 | F0 55 7B 00 01 00 00 00  0C 00 00 00 00 00 00 00  | .U{.............
00000001007C7000 | 28 33 A2 00 01 00 00 00  C8 07 00 00 00 00 00 00  | (3..............
00000001007C7010 | FD 55 7B 00 01 00 00 00  0F 00 00 00 00 00 00 00  | .U{.............
00000001007C7020 | 28 33 A2 00 01 00 00 00  C8 07 00 00 00 00 00 00  | (3..............
00000001007C7030 | 0D 56 7B 00 01 00 00 00  10 00 00 00 00 00 00 00  | .V{.............
00000001007C7040 | 28 33 A2 00 01 00 00 00  C8 07 00 00 00 00 00 00  | (3..............
00000001007C7050 | 1E 56 7B 00 01 00 00 00  11 00 00 00 00 00 00 00  | .V{.............
00000001007C7060 | 28 33 A2 00 01 00 00 00  C8 07 00 00 00 00 00 00  | (3..............
00000001007C7070 | 30 56 7B 00 01 00 00 00  15 00 00 00 00 00 00 00  | 0V{.............
00000001007C7080 | 28 33 A2 00 01 00 00 00  C8 07 00 00 00 00 00 00  | (3..............
00000001007C7090 | 46 56 7B 00 01 00 00 00  0B 00 00 00 00 00 00 00  | FV{.............
00000001007C70A0 | 28 33 A2 00 01 00 00 00  C8 07 00 00 00 00 00 00  | (3..............
00000001007C70B0 | 52 56 7B 00 01 00 00 00  09 00 00 00 00 00 00 00  | RV{.............
00000001007C70C0 | 28 33 A2 00 01 00 00 00  C8 07 00 00 00 00 00 00  | (3..............
00000001007C70D0 | 5C 56 7B 00 01 00 00 00  0B 00 00 00 00 00 00 00  | \V{.............
00000001007C70E0 | 28 33 A2 00 01 00 00 00  C8 07 00 00 00 00 00 00  | (3..............
00000001007C70F0 | 68 56 7B 00 01 00 00 00  10 00 00 00 00 00 00 00  | hV{.............
00000001007C7100 | 28 33 A2 00 01 00 00 00  C8 07 00 00 00 00 00 00  | (3..............
00000001007C7110 | 79 56 7B 00 01 00 00 00  15 00 00 00 00 00 00 00  | yV{.............
00000001007C7120 | 28 33 A2 00 01 00 00 00  C8 07 00 00 00 00 00 00  | (3..............
00000001007C7130 | 8F 56 7B 00 01 00 00 00  11 00 00 00 00 00 00 00  | .V{.............
00000001007C7140 | 28 33 A2 00 01 00 00 00  C8 07 00 00 00 00 00 00  | (3..............
00000001007C7150 | A1 56 7B 00 01 00 00 00  11 00 00 00 00 00 00 00  | .V{.............
00000001007C7160 | 28 33 A2 00 01 00 00 00  C8 07 00 00 00 00 00 00  | (3..............
00000001007C7170 | B3 56 7B 00 01 00 00 00  10 00 00 00 00 00 00 00  | .V{.............
00000001007C7180 | 28 33 A2 00 01 00 00 00  C8 07 00 00 00 00 00 00  | (3..............
00000001007C7190 | C4 56 7B 00 01 00 00 00  15 00 00 00 00 00 00 00  | .V{.............
00000001007C71A0 | 28 33 A2 00 01 00 00 00  C8 07 00 00 00 00 00 00  | (3..............
00000001007C71B0 | DA 56 7B 00 01 00 00 00  11 00 00 00 00 00 00 00  | .V{.............
00000001007C71C0 | 28 33 A2 00 01 00 00 00  C8 07 00 00 00 00 00 00  | (3..............
00000001007C71D0 | EC 56 7B 00 01 00 00 00  11 00 00 00 00 00 00 00  | .V{.............
00000001007C71E0 | 28 33 A2 00 01 00 00 00  C8 07 00 00 00 00 00 00  | (3..............
00000001007C71F0 | FE 56 7B 00 01 00 00 00  11 00 00 00 00 00 00 00  | .V{.............
00000001007C7200 | 28 33 A2 00 01 00 00 00  C8 07 00 00 00 00 00 00  | (3..............
00000001007C7210 | 10 57 7B 00 01 00 00 00  0C 00 00 00 00 00 00 00  | .W{.............
00000001007C7220 | 28 33 A2 00 01 00 00 00  C8 07 00 00 00 00 00 00  | (3..............
00000001007C7230 | 1D 57 7B 00 01 00 00 00  24 00 00 00 00 00 00 00  | .W{.....$.......
00000001007C7240 | 28 33 A2 00 01 00 00 00  C8 07 00 00 00 00 00 00  | (3..............
00000001007C7250 | 42 57 7B 00 01 00 00 00  06 00 00 00 00 00 00 00  | BW{.............
00000001007C7260 | 28 33 A2 00 01 00 00 00  C8 07 00 00 00 00 00 00  | (3..............
00000001007C7270 | 49 57 7B 00 01 00 00 00  03 00 00 00 00 00 00 00  | IW{.............
00000001007C7280 | 28 33 A2 00 01 00 00 00  C8 07 00 00 00 00 00 00  | (3..............
00000001007C7290 | 4D 57 7B 00 01 00 00 00  04 00 00 00 00 00 00 00  | MW{.............
00000001007C72A0 | 28 33 A2 00 01 00 00 00  C8 07 00 00 00 00 00 00  | (3..............
00000001007C72B0 | 69 57 7B 00 01 00 00 00  29 00 00 00 00 00 00 00  | iW{.....).......
00000001007C72C0 | 28 33 A2 00 01 00 00 00  C8 07 00 00 00 00 00 00  | (3..............
00000001007C72D0 | 93 57 7B 00 01 00 00 00  11 00 00 00 00 00 00 00  | .W{.............
00000001007C72E0 | 28 33 A2 00 01 00 00 00  C8 07 00 00 00 00 00 00  | (3..............
00000001007C72F0 | A5 57 7B 00 01 00 00 00  20 00 00 00 00 00 00 00  | .W{..... .......
00000001007C7300 | 28 33 A2 00 01 00 00 00  C8 07 00 00 00 00 00 00  | (3..............
00000001007C7310 | C6 57 7B 00 01 00 00 00  12 00 00 00 00 00 00 00  | .W{.............
00000001007C7320 | 28 33 A2 00 01 00 00 00  C8 07 00 00 00 00 00 00  | (3..............
00000001007C7330 | D9 57 7B 00 01 00 00 00  04 00 00 00 00 00 00 00  | .W{.............
00000001007C7340 | 28 33 A2 00 01 00 00 00  C8 07 00 00 00 00 00 00  | (3..............
00000001007C7350 | DE 57 7B 00 01 00 00 00  04 00 00 00 00 00 00 00  | .W{.............
00000001007C7360 | 28 33 A2 00 01 00 00 00  C8 07 00 00 00 00 00 00  | (3..............
00000001007C7370 | E3 57 7B 00 01 00 00 00  05 00 00 00 00 00 00 00  | .W{.............
00000001007C7380 | 28 33 A2 00 01 00 00 00  C8 07 00 00 00 00 00 00  | (3..............
00000001007C7390 | E9 57 7B 00 01 00 00 00  08 00 00 00 00 00 00 00  | .W{.............
00000001007C73A0 | 28 33 A2 00 01 00 00 00  C8 07 00 00 00 00 00 00  | (3..............
00000001007C73B0 | F2 57 7B 00 01 00 00 00  15 00 00 00 00 00 00 00  | .W{.............
00000001007C73C0 | 28 33 A2 00 01 00 00 00  C8 07 00 00 00 00 00 00  | (3..............
00000001007C73D0 | 08 58 7B 00 01 00 00 00  0E 00 00 00 00 00 00 00  | .X{.............
00000001007C73E0 | 28 33 A2 00 01 00 00 00  C8 07 00 00 00 00 00 00  | (3..............
00000001007C73F0 | 17 58 7B 00 01 00 00 00  0E 00 00 00 00 00 00 00  | .X{.............
00000001007C7400 | 28 33 A2 00 01 00 00 00  C8 07 00 00 00 00 00 00  | (3..............
00000001007C7410 | 26 58 7B 00 01 00 00 00  04 00 00 00 00 00 00 00  | &X{.............
00000001007C7420 | 28 33 A2 00 01 00 00 00  C8 07 00 00 00 00 00 00  | (3..............
00000001007C7430 | 2B 58 7B 00 01 00 00 00  07 00 00 00 00 00 00 00  | +X{.............
00000001007C7440 | 28 33 A2 00 01 00 00 00  C8 07 00 00 00 00 00 00  | (3..............
00000001007C7450 | 33 58 7B 00 01 00 00 00  08 00 00 00 00 00 00 00  | 3X{.............
00000001007C7460 | 28 33 A2 00 01 00 00 00  C8 07 00 00 00 00 00 00  | (3..............
00000001007C7470 | 3C 58 7B 00 01 00 00 00  05 00 00 00 00 00 00 00  | <X{.............
00000001007C7480 | 28 33 A2 00 01 00 00 00  C8 07 00 00 00 00 00 00  | (3..............
00000001007C7490 | 4B 58 7B 00 01 00 00 00  48 0B 00 00 00 00 00 00  | KX{.....H.......
00000001007C74A0 | 28 33 A2 00 01 00 00 00  C8 07 00 00 00 00 00 00  | (3..............
00000001007C74B0 | 94 63 7B 00 01 00 00 00  58 0B 00 00 00 00 00 00  | .c{.....X.......
00000001007C74C0 | 28 33 A2 00 01 00 00 00  C8 07 00 00 00 00 00 00  | (3..............
00000001007C74D0 | ED 6E 7B 00 01 00 00 00  0C 00 00 00 00 00 00 00  | .n{.............
00000001007C74E0 | 28 33 A2 00 01 00 00 00  C8 07 00 00 00 00 00 00  | (3..............
00000001007C74F0 | FA 6E 7B 00 01 00 00 00  2B 00 00 00 00 00 00 00  | .n{.....+.......
00000001007C7500 | 28 33 A2 00 01 00 00 00  C8 07 00 00 00 00 00 00  | (3..............
00000001007C7510 | 26 6F 7B 00 01 00 00 00  05 00 00 00 00 00 00 00  | &o{.............
00000001007C7520 | 28 33 A2 00 01 00 00 00  C8 07 00 00 00 00 00 00  | (3..............
00000001007C7530 | 2C 6F 7B 00 01 00 00 00  08 00 00 00 00 00 00 00  | ,o{.............
00000001007C7540 | 28 33 A2 00 01 00 00 00  C8 07 00 00 00 00 00 00  | (3..............
00000001007C7550 | 35 6F 7B 00 01 00 00 00  16 00 00 00 00 00 00 00  | 5o{.............
00000001007C7560 | 28 33 A2 00 01 00 00 00  D0 07 00 00 00 00 00 00  | (3..............
00000001007C7570 | 6A CA 7B 00 01 00 00 00  07 00 00 00 00 00 00 00  | j.{.............
00000001007C7580 | 28 33 A2 00 01 00 00 00  D0 07 00 00 00 00 00 00  | (3..............
00000001007C7590 | 7A CA 7B 00 01 00 00 00  18 00 00 00 00 00 00 00  | z.{.............
00000001007C75A0 | 28 33 A2 00 01 00 00 00  D0 07 00 00 00 00 00 00  | (3..............
00000001007C75B0 | AC CA 7B 00 01 00 00 00  22 00 00 00 00 00 00 00  | ..{.....".......
00000001007C75C0 | 28 33 A2 00 01 00 00 00  D0 07 00 00 00 00 00 00  | (3..............
00000001007C75D0 | F2 CA 7B 00 01 00 00 00  30 00 00 00 00 00 00 00  | ..{.....0.......
00000001007C75E0 | 28 33 A2 00 01 00 00 00  D0 07 00 00 00 00 00 00  | (3..............
00000001007C75F0 | 54 CB 7B 00 01 00 00 00  09 00 00 00 00 00 00 00  | T.{.............
00000001007C7600 | 28 33 A2 00 01 00 00 00  D0 07 00 00 00 00 00 00  | (3..............
00000001007C7610 | 68 CB 7B 00 01 00 00 00  08 00 00 00 00 00 00 00  | h.{.............
00000001007C7620 | 28 33 A2 00 01 00 00 00  D0 07 00 00 00 00 00 00  | (3..............
00000001007C7630 | 7A CB 7B 00 01 00 00 00  10 00 00 00 00 00 00 00  | z.{.............
00000001007C7640 | 28 33 A2 00 01 00 00 00  C8 07 00 00 00 00 00 00  | (3..............
00000001007C7650 | 4C 6F 7B 00 01 00 00 00  04 00 00 00 00 00 00 00  | Lo{.............
00000001007C7660 | 28 33 A2 00 01 00 00 00  C8 07 00 00 00 00 00 00  | (3..............
00000001007C7670 | 51 6F 7B 00 01 00 00 00  0B 00 00 00 00 00 00 00  | Qo{.............
00000001007C7680 | 28 33 A2 00 01 00 00 00  C8 07 00 00 00 00 00 00  | (3..............
00000001007C7690 | 5D 6F 7B 00 01 00 00 00  04 00 00 00 00 00 00 00  | ]o{.............
00000001007C76A0 | 28 33 A2 00 01 00 00 00  C8 07 00 00 00 00 00 00  | (3..............
00000001007C76B0 | 62 6F 7B 00 01 00 00 00  04 00 00 00 00 00 00 00  | bo{.............
00000001007C76C0 | 28 33 A2 00 01 00 00 00  C8 07 00 00 00 00 00 00  | (3..............
00000001007C76D0 | 67 6F 7B 00 01 00 00 00  06 00 00 00 00 00 00 00  | go{.............
00000001007C76E0 | 28 33 A2 00 01 00 00 00  C8 07 00 00 00 00 00 00  | (3..............
00000001007C76F0 | 6E 6F 7B 00 01 00 00 00  08 00 00 00 00 00 00 00  | no{.............
00000001007C7700 | 28 33 A2 00 01 00 00 00  C8 07 00 00 00 00 00 00  | (3..............
00000001007C7710 | 77 6F 7B 00 01 00 00 00  08 00 00 00 00 00 00 00  | wo{.............
00000001007C7720 | 28 33 A2 00 01 00 00 00  C8 07 00 00 00 00 00 00  | (3..............
00000001007C7730 | 80 6F 7B 00 01 00 00 00  04 00 00 00 00 00 00 00  | .o{.............
00000001007C7740 | 28 33 A2 00 01 00 00 00  C8 07 00 00 00 00 00 00  | (3..............
00000001007C7750 | 85 6F 7B 00 01 00 00 00  07 00 00 00 00 00 00 00  | .o{.............
00000001007C7760 | 28 33 A2 00 01 00 00 00  C8 07 00 00 00 00 00 00  | (3..............
00000001007C7770 | 8D 6F 7B 00 01 00 00 00  1D 00 00 00 00 00 00 00  | .o{.............
00000001007C7780 | 28 33 A2 00 01 00 00 00  C8 07 00 00 00 00 00 00  | (3..............
00000001007C7790 | AB 6F 7B 00 01 00 00 00  0B 00 00 00 00 00 00 00  | .o{.............
00000001007C77A0 | 28 33 A2 00 01 00 00 00  C8 07 00 00 00 00 00 00  | (3..............
00000001007C77B0 | B7 6F 7B 00 01 00 00 00  01 00 00 00 00 00 00 00  | .o{.............
00000001007C77C0 | 28 33 A2 00 01 00 00 00  C8 07 00 00 00 00 00 00  | (3..............
00000001007C77D0 | B9 6F 7B 00 01 00 00 00  0A 00 00 00 00 00 00 00  | .o{.............
00000001007C77E0 | 28 33 A2 00 01 00 00 00  C8 07 00 00 00 00 00 00  | (3..............
00000001007C77F0 | C4 6F 7B 00 01 00 00 00  06 00 00 00 00 00 00 00  | .o{.............
00000001007C7800 | 28 33 A2 00 01 00 00 00  C8 07 00 00 00 00 00 00  | (3..............
00000001007C7810 | CB 6F 7B 00 01 00 00 00  0B 00 00 00 00 00 00 00  | .o{.............
00000001007C7820 | 28 33 A2 00 01 00 00 00  C8 07 00 00 00 00 00 00  | (3..............
00000001007C7830 | D7 6F 7B 00 01 00 00 00  09 00 00 00 00 00 00 00  | .o{.............
00000001007C7840 | 28 33 A2 00 01 00 00 00  C8 07 00 00 00 00 00 00  | (3..............
00000001007C7850 | E1 6F 7B 00 01 00 00 00  11 00 00 00 00 00 00 00  | .o{.............
00000001007C7860 | 28 33 A2 00 01 00 00 00  C8 07 00 00 00 00 00 00  | (3..............
00000001007C7870 | F3 6F 7B 00 01 00 00 00  0E 00 00 00 00 00 00 00  | .o{.............
00000001007C7880 | 28 33 A2 00 01 00 00 00  C8 07 00 00 00 00 00 00  | (3..............
00000001007C7890 | 02 70 7B 00 01 00 00 00  28 00 00 00 00 00 00 00  | .p{.....(.......
00000001007C78A0 | 28 33 A2 00 01 00 00 00  C8 07 00 00 00 00 00 00  | (3..............
00000001007C78B0 | 2B 70 7B 00 01 00 00 00  08 00 00 00 00 00 00 00  | +p{.............
00000001007C78C0 | 28 33 A2 00 01 00 00 00  C8 07 00 00 00 00 00 00  | (3..............
00000001007C78D0 | 34 70 7B 00 01 00 00 00  04 00 00 00 00 00 00 00  | 4p{.............
00000001007C78E0 | 28 33 A2 00 01 00 00 00  D0 07 00 00 00 00 00 00  | (3..............
00000001007C78F0 | 9C CB 7B 00 01 00 00 00  10 00 00 00 00 00 00 00  | ..{.............
00000001007C7900 | 28 33 A2 00 01 00 00 00  C8 07 00 00 00 00 00 00  | (3..............
00000001007C7910 | 39 70 7B 00 01 00 00 00  13 00 00 00 00 00 00 00  | 9p{.............
00000001007C7920 | 28 33 A2 00 01 00 00 00  C8 07 00 00 00 00 00 00  | (3..............
00000001007C7930 | 4D 70 7B 00 01 00 00 00  13 00 00 00 00 00 00 00  | Mp{.............
00000001007C7940 | 28 33 A2 00 01 00 00 00  C8 07 00 00 00 00 00 00  | (3..............
00000001007C7950 | 61 70 7B 00 01 00 00 00  06 00 00 00 00 00 00 00  | ap{.............
00000001007C7960 | 28 33 A2 00 01 00 00 00  C8 07 00 00 00 00 00 00  | (3..............
00000001007C7970 | 68 70 7B 00 01 00 00 00  0A 00 00 00 00 00 00 00  | hp{.............
00000001007C7980 | 28 33 A2 00 01 00 00 00  C8 07 00 00 00 00 00 00  | (3..............
00000001007C7990 | 73 70 7B 00 01 00 00 00  07 00 00 00 00 00 00 00  | sp{.............
00000001007C79A0 | 28 33 A2 00 01 00 00 00  C8 07 00 00 00 00 00 00  | (3..............
00000001007C79B0 | 7B 70 7B 00 01 00 00 00  0C 00 00 00 00 00 00 00  | {p{.............
00000001007C79C0 | 28 33 A2 00 01 00 00 00  C8 07 00 00 00 00 00 00  | (3..............
00000001007C79D0 | 88 70 7B 00 01 00 00 00  0A 00 00 00 00 00 00 00  | .p{.............
00000001007C79E0 | 28 33 A2 00 01 00 00 00  C8 07 00 00 00 00 00 00  | (3..............
00000001007C79F0 | 93 70 7B 00 01 00 00 00  0A 00 00 00 00 00 00 00  | .p{.............
00000001007C7A00 | 28 33 A2 00 01 00 00 00  C8 07 00 00 00 00 00 00  | (3..............
00000001007C7A10 | 9E 70 7B 00 01 00 00 00  09 00 00 00 00 00 00 00  | .p{.............
00000001007C7A20 | 28 33 A2 00 01 00 00 00  C8 07 00 00 00 00 00 00  | (3..............
00000001007C7A30 | A8 70 7B 00 01 00 00 00  0B 00 00 00 00 00 00 00  | .p{.............
00000001007C7A40 | 28 33 A2 00 01 00 00 00  C8 07 00 00 00 00 00 00  | (3..............
00000001007C7A50 | B4 70 7B 00 01 00 00 00  0E 00 00 00 00 00 00 00  | .p{.............
00000001007C7A60 | 28 33 A2 00 01 00 00 00  C8 07 00 00 00 00 00 00  | (3..............
00000001007C7A70 | C3 70 7B 00 01 00 00 00  11 00 00 00 00 00 00 00  | .p{.............
00000001007C7A80 | 28 33 A2 00 01 00 00 00  C8 07 00 00 00 00 00 00  | (3..............
00000001007C7A90 | D5 70 7B 00 01 00 00 00  08 00 00 00 00 00 00 00  | .p{.............
00000001007C7AA0 | 28 33 A2 00 01 00 00 00  D0 07 00 00 00 00 00 00  | (3..............
00000001007C7AB0 | BE CB 7B 00 01 00 00 00  19 00 00 00 00 00 00 00  | ..{.............
00000001007C7AC0 | 28 33 A2 00 01 00 00 00  D0 07 00 00 00 00 00 00  | (3..............
00000001007C7AD0 | F2 CB 7B 00 01 00 00 00  11 00 00 00 00 00 00 00  | ..{.............
00000001007C7AE0 | 28 33 A2 00 01 00 00 00  C8 07 00 00 00 00 00 00  | (3..............
00000001007C7AF0 | DE 70 7B 00 01 00 00 00  04 00 00 00 00 00 00 00  | .p{.............
00000001007C7B00 | 28 33 A2 00 01 00 00 00  C8 07 00 00 00 00 00 00  | (3..............
00000001007C7B10 | E3 70 7B 00 01 00 00 00  20 00 00 00 00 00 00 00  | .p{..... .......
00000001007C7B20 | 28 33 A2 00 01 00 00 00  C8 07 00 00 00 00 00 00  | (3..............
00000001007C7B30 | 04 71 7B 00 01 00 00 00  0A 00 00 00 00 00 00 00  | .q{.............
00000001007C7B40 | 28 33 A2 00 01 00 00 00  D0 07 00 00 00 00 00 00  | (3..............
00000001007C7B50 | 16 CC 7B 00 01 00 00 00  0E 00 00 00 00 00 00 00  | ..{.............
00000001007C7B60 | 28 33 A2 00 01 00 00 00  D0 07 00 00 00 00 00 00  | (3..............
00000001007C7B70 | 34 CC 7B 00 01 00 00 00  2E 00 00 00 00 00 00 00  | 4.{.............
00000001007C7B80 | 28 33 A2 00 01 00 00 00  C8 07 00 00 00 00 00 00  | (3..............
00000001007C7B90 | 0F 71 7B 00 01 00 00 00  0A 00 00 00 00 00 00 00  | .q{.............
