# Memory dump: 0x1007e9760 - 0x1007ea658
# Segment: __objc_ivar
#============================================================================

# Address        | Hex Bytes                                       | ASCII
#----------------------------------------------------------------------------
00000001007E9760 | 08 00 00 00 10 00 00 00  30 00 00 00 40 00 00 00  | ........0...@...
00000001007E9770 | 48 00 00 00 49 00 00 00  4A 00 00 00 4B 00 00 00  | H...I...J...K...
00000001007E9780 | 4C 00 00 00 4D 00 00 00  4E 00 00 00 4F 00 00 00  | L...M...N...O...
00000001007E9790 | 50 00 00 00 51 00 00 00  52 00 00 00 58 00 00 00  | P...Q...R...X...
00000001007E97A0 | 60 00 00 00 68 00 00 00  70 00 00 00 78 00 00 00  | `...h...p...x...
00000001007E97B0 | 80 00 00 00 88 00 00 00  90 00 00 00 98 00 00 00  | ................
00000001007E97C0 | A0 00 00 00 A8 00 00 00  B0 00 00 00 B8 00 00 00  | ................
00000001007E97D0 | C0 00 00 00 C8 00 00 00  D0 00 00 00 D8 00 00 00  | ................
00000001007E97E0 | E0 00 00 00 E8 00 00 00  F0 00 00 00 F8 00 00 00  | ................
00000001007E97F0 | 00 01 00 00 08 01 00 00  10 01 00 00 18 01 00 00  | ................
00000001007E9800 | 20 01 00 00 28 01 00 00  30 01 00 00 38 01 00 00  |  ...(...0...8...
00000001007E9810 | 40 01 00 00 48 01 00 00  50 01 00 00 58 01 00 00  | @...H...P...X...
00000001007E9820 | 60 01 00 00 68 01 00 00  70 01 00 00 80 01 00 00  | `...h...p.......
00000001007E9830 | 90 01 00 00 A0 01 00 00  C0 01 00 00 E0 01 00 00  | ................
00000001007E9840 | 00 02 00 00 20 02 00 00  08 00 00 00 10 00 00 00  | .... ...........
00000001007E9850 | 18 02 00 00 98 02 00 00  C0 01 00 00 68 02 00 00  | ............h...
00000001007E9860 | A0 02 00 00 28 03 00 00  50 02 00 00 58 02 00 00  | ....(...P...X...
00000001007E9870 | 08 03 00 00 08 00 00 00  10 00 00 00 90 01 00 00  | ................
00000001007E9880 | A0 01 00 00 28 02 00 00  08 02 00 00 E8 02 00 00  | ....(...........
00000001007E9890 | E0 02 00 00 F8 00 00 00  F8 01 00 00 E8 01 00 00  | ................
00000001007E98A0 | F0 01 00 00 80 00 00 00  98 00 00 00 A0 00 00 00  | ................
00000001007E98B0 | A8 00 00 00 B0 00 00 00  78 00 00 00 90 00 00 00  | ........x.......
00000001007E98C0 | B8 00 00 00 28 00 00 00  20 00 00 00 30 00 00 00  | ....(... ...0...
00000001007E98D0 | 68 00 00 00 6C 00 00 00  70 00 00 00 74 00 00 00  | h...l...p...t...
00000001007E98E0 | 38 00 00 00 40 00 00 00  48 00 00 00 C0 00 00 00  | 8...@...H.......
00000001007E98F0 | C8 00 00 00 50 00 00 00  58 00 00 00 60 00 00 00  | ....P...X...`...
00000001007E9900 | D0 00 00 00 F0 02 00 00  E0 00 00 00 F8 02 00 00  | ................
00000001007E9910 | E8 00 00 00 00 03 00 00  F0 00 00 00 08 01 00 00  | ................
00000001007E9920 | 70 01 00 00 10 01 00 00  18 01 00 00 20 01 00 00  | p........... ...
00000001007E9930 | 28 01 00 00 30 01 00 00  38 01 00 00 40 01 00 00  | (...0...8...@...
00000001007E9940 | 48 01 00 00 50 01 00 00  58 01 00 00 60 01 00 00  | H...P...X...`...
00000001007E9950 | 68 01 00 00 10 03 00 00  E0 01 00 00 18 03 00 00  | h...............
00000001007E9960 | 20 03 00 00 78 01 00 00  B0 01 00 00 48 02 00 00  |  ...x.......H...
00000001007E9970 | 80 01 00 00 88 01 00 00  D8 00 00 00 D8 01 00 00  | ................
00000001007E9980 | B8 01 00 00 20 02 00 00  98 01 00 00 C0 02 00 00  | .... ...........
00000001007E9990 | A8 01 00 00 70 02 00 00  C8 01 00 00 80 02 00 00  | ....p...........
00000001007E99A0 | 90 02 00 00 88 02 00 00  78 02 00 00 00 02 00 00  | ........x.......
00000001007E99B0 | D8 02 00 00 B8 02 00 00  D0 01 00 00 88 00 00 00  | ................
00000001007E99C0 | 30 03 00 00 30 02 00 00  38 02 00 00 40 02 00 00  | 0...0...8...@...
00000001007E99D0 | 60 02 00 00 A8 02 00 00  B0 02 00 00 C8 02 00 00  | `...............
00000001007E99E0 | D0 02 00 00 38 03 00 00  00 01 00 00 18 00 00 00  | ....8...........
00000001007E99F0 | 10 02 00 00 50 00 00 00  48 00 00 00 68 00 00 00  | ....P...H...h...
00000001007E9A00 | 78 00 00 00 70 00 00 00  88 00 00 00 80 00 00 00  | x...p...........
00000001007E9A10 | 58 00 00 00 60 00 00 00  90 00 00 00 D8 00 00 00  | X...`...........
00000001007E9A20 | D0 00 00 00 08 00 00 00  A0 00 00 00 C8 00 00 00  | ................
00000001007E9A30 | B0 00 00 00 B8 00 00 00  C0 00 00 00 98 00 00 00  | ................
00000001007E9A40 | 10 00 00 00 A8 00 00 00  18 00 00 00 28 00 00 00  | ............(...
00000001007E9A50 | 08 00 00 00 10 00 00 00  18 00 00 00 20 00 00 00  | ............ ...
00000001007E9A60 | 08 00 00 00 58 00 00 00  F0 00 00 00 58 01 00 00  | ....X.......X...
00000001007E9A70 | 10 00 00 00 50 01 00 00  D0 00 00 00 00 01 00 00  | ....P...........
00000001007E9A80 | 08 01 00 00 10 01 00 00  20 01 00 00 80 00 00 00  | ........ .......
00000001007E9A90 | 38 01 00 00 30 00 00 00  18 01 00 00 B0 00 00 00  | 8...0...........
00000001007E9AA0 | B8 00 00 00 C0 00 00 00  50 00 00 00 30 01 00 00  | ........P...0...
00000001007E9AB0 | 60 00 00 00 68 00 00 00  28 01 00 00 D8 00 00 00  | `...h...(.......
00000001007E9AC0 | 48 01 00 00 A8 00 00 00  E2 00 00 00 A0 00 00 00  | H...............
00000001007E9AD0 | 90 00 00 00 98 00 00 00  88 00 00 00 E8 00 00 00  | ................
00000001007E9AE0 | 70 00 00 00 78 00 00 00  28 00 00 00 F8 00 00 00  | p...x...(.......
00000001007E9AF0 | 40 01 00 00 E1 00 00 00  C8 00 00 00 20 00 00 00  | @........... ...
00000001007E9B00 | E0 00 00 00 18 00 00 00  08 00 00 00 10 00 00 00  | ................
00000001007E9B10 | 18 00 00 00 19 00 00 00  1A 00 00 00 08 00 00 00  | ................
00000001007E9B20 | 09 00 00 00 10 00 00 00  18 00 00 00 20 00 00 00  | ............ ...
00000001007E9B30 | 28 00 00 00 30 00 00 00  38 00 00 00 40 00 00 00  | (...0...8...@...
00000001007E9B40 | 08 00 00 00 10 00 00 00  08 00 00 00 10 00 00 00  | ................
00000001007E9B50 | 18 00 00 00 20 00 00 00  28 00 00 00 30 00 00 00  | .... ...(...0...
00000001007E9B60 | 38 00 00 00 40 00 00 00  48 00 00 00 50 00 00 00  | 8...@...H...P...
00000001007E9B70 | 48 00 00 00 D0 01 00 00  D8 01 00 00 E0 01 00 00  | H...............
00000001007E9B80 | C8 01 00 00 10 00 00 00  08 00 00 00 20 00 00 00  | ............ ...
00000001007E9B90 | 18 00 00 00 08 00 00 00  10 00 00 00 18 00 00 00  | ................
00000001007E9BA0 | 20 00 00 00 28 00 00 00  30 00 00 00 38 00 00 00  |  ...(...0...8...
00000001007E9BB0 | 40 00 00 00 08 00 00 00  58 00 00 00 48 00 00 00  | @.......X...H...
00000001007E9BC0 | 60 00 00 00 12 00 00 00  50 00 00 00 08 00 00 00  | `.......P.......
00000001007E9BD0 | 78 00 00 00 70 00 00 00  88 00 00 00 90 00 00 00  | x...p...........
00000001007E9BE0 | 98 00 00 00 C0 00 00 00  C8 00 00 00 80 00 00 00  | ................
00000001007E9BF0 | F8 00 00 00 08 01 00 00  11 00 00 00 F0 00 00 00  | ................
00000001007E9C00 | 68 00 00 00 18 00 00 00  20 00 00 00 28 00 00 00  | h....... ...(...
00000001007E9C10 | 30 00 00 00 38 00 00 00  40 00 00 00 10 00 00 00  | 0...8...@.......
00000001007E9C20 | 13 00 00 00 14 00 00 00  A0 00 00 00 A8 00 00 00  | ................
00000001007E9C30 | B0 00 00 00 B8 00 00 00  D0 00 00 00 D8 00 00 00  | ................
00000001007E9C40 | E0 00 00 00 E8 00 00 00  0C 00 00 00 08 00 00 00  | ................
00000001007E9C50 | 10 00 00 00 18 00 00 00  08 00 00 00 10 00 00 00  | ................
00000001007E9C60 | 20 00 00 00 18 00 00 00  08 00 00 00 10 00 00 00  |  ...............
00000001007E9C70 | 18 00 00 00 20 00 00 00  08 00 00 00 0C 00 00 00  | .... ...........
00000001007E9C80 | 10 00 00 00 18 00 00 00  20 00 00 00 28 00 00 00  | ........ ...(...
00000001007E9C90 | 30 00 00 00 38 00 00 00  40 00 00 00 48 00 00 00  | 0...8...@...H...
00000001007E9CA0 | 50 00 00 00 D8 01 00 00  E0 01 00 00 F0 01 00 00  | P...............
00000001007E9CB0 | E8 01 00 00 C8 01 00 00  48 00 00 00 D0 01 00 00  | ........H.......
00000001007E9CC0 | 08 00 00 00 10 00 00 00  18 00 00 00 20 00 00 00  | ............ ...
00000001007E9CD0 | 08 00 00 00 10 00 00 00  18 00 00 00 20 00 00 00  | ............ ...
00000001007E9CE0 | 28 00 00 00 30 00 00 00  38 00 00 00 40 00 00 00  | (...0...8...@...
00000001007E9CF0 | 48 00 00 00 50 00 00 00  08 00 00 00 10 00 00 00  | H...P...........
00000001007E9D00 | 18 00 00 00 20 00 00 00  08 00 00 00 08 00 00 00  | .... ...........
00000001007E9D10 | 0C 00 00 00 10 00 00 00  18 00 00 00 20 00 00 00  | ............ ...
00000001007E9D20 | 24 00 00 00 28 00 00 00  30 00 00 00 38 00 00 00  | $...(...0...8...
00000001007E9D30 | 40 00 00 00 48 00 00 00  50 00 00 00 58 00 00 00  | @...H...P...X...
00000001007E9D40 | 60 00 00 00 68 00 00 00  70 00 00 00 78 00 00 00  | `...h...p...x...
00000001007E9D50 | 80 00 00 00 88 00 00 00  90 00 00 00 98 00 00 00  | ................
00000001007E9D60 | A0 00 00 00 A8 00 00 00  B0 00 00 00 B8 00 00 00  | ................
00000001007E9D70 | C0 00 00 00 C8 00 00 00  D0 00 00 00 F8 00 00 00  | ................
00000001007E9D80 | 00 01 00 00 08 01 00 00  10 01 00 00 18 01 00 00  | ................
00000001007E9D90 | 20 01 00 00 24 01 00 00  28 01 00 00 30 01 00 00  |  ...$...(...0...
00000001007E9DA0 | 38 01 00 00 A0 01 00 00  A1 01 00 00 88 02 00 00  | 8...............
00000001007E9DB0 | 90 02 00 00 D8 03 00 00  E0 03 00 00 A0 02 00 00  | ................
00000001007E9DC0 | B8 02 00 00 C0 02 00 00  C8 02 00 00 D8 02 00 00  | ................
00000001007E9DD0 | 10 03 00 00 B8 01 00 00  C0 01 00 00 60 01 00 00  | ............`...
00000001007E9DE0 | 98 02 00 00 40 03 00 00  38 03 00 00 48 03 00 00  | ....@...8...H...
00000001007E9DF0 | 88 01 00 00 80 03 00 00  28 04 00 00 D0 02 00 00  | ........(.......
00000001007E9E00 | E0 02 00 00 E0 01 00 00  E8 01 00 00 A8 03 00 00  | ................
00000001007E9E10 | E8 03 00 00 A0 00 00 00  A8 00 00 00 18 00 00 00  | ................
00000001007E9E20 | 20 00 00 00 08 00 00 00  10 00 00 00 28 00 00 00  |  ...........(...
00000001007E9E30 | 30 00 00 00 38 00 00 00  40 00 00 00 C0 00 00 00  | 0...8...@.......
00000001007E9E40 | 48 00 00 00 98 01 00 00  F0 00 00 00 F8 00 00 00  | H...............
00000001007E9E50 | E0 00 00 00 E8 00 00 00  00 01 00 00 58 00 00 00  | ............X...
00000001007E9E60 | 60 00 00 00 08 01 00 00  10 01 00 00 18 01 00 00  | `...............
00000001007E9E70 | 20 01 00 00 68 00 00 00  90 00 00 00 70 00 00 00  |  ...h.......p...
00000001007E9E80 | 28 01 00 00 30 01 00 00  78 00 00 00 80 00 00 00  | (...0...x.......
00000001007E9E90 | 88 00 00 00 80 01 00 00  90 01 00 00 38 01 00 00  | ............8...
00000001007E9EA0 | 98 00 00 00 B0 00 00 00  B8 00 00 00 C8 00 00 00  | ................
00000001007E9EB0 | D0 00 00 00 D8 00 00 00  40 01 00 00 B0 03 00 00  | ........@.......
00000001007E9EC0 | B8 03 00 00 00 02 00 00  18 02 00 00 30 02 00 00  | ............0...
00000001007E9ED0 | 48 02 00 00 58 02 00 00  68 02 00 00 70 02 00 00  | H...X...h...p...
00000001007E9EE0 | F0 03 00 00 78 02 00 00  A8 02 00 00 70 03 00 00  | ....x.......p...
00000001007E9EF0 | 78 03 00 00 B0 02 00 00  E8 02 00 00 D0 01 00 00  | x...............
00000001007E9F00 | F8 02 00 00 08 03 00 00  00 04 00 00 90 03 00 00  | ................
00000001007E9F10 | 88 03 00 00 28 03 00 00  B0 01 00 00 98 03 00 00  | ....(...........
00000001007E9F20 | A0 03 00 00 C8 03 00 00  D0 03 00 00 10 04 00 00  | ................
00000001007E9F30 | 18 04 00 00 48 01 00 00  50 01 00 00 50 00 00 00  | ....H...P...P...
00000001007E9F40 | F8 03 00 00 A8 01 00 00  C8 01 00 00 D8 01 00 00  | ................
00000001007E9F50 | F0 01 00 00 F8 01 00 00  08 02 00 00 10 02 00 00  | ................
00000001007E9F60 | 20 02 00 00 28 02 00 00  38 02 00 00 40 02 00 00  |  ...(...8...@...
00000001007E9F70 | 50 02 00 00 60 02 00 00  80 02 00 00 F0 02 00 00  | P...`...........
00000001007E9F80 | 00 03 00 00 18 03 00 00  20 03 00 00 30 03 00 00  | ........ ...0...
00000001007E9F90 | 50 03 00 00 58 03 00 00  60 03 00 00 68 03 00 00  | P...X...`...h...
00000001007E9FA0 | C0 03 00 00 08 04 00 00  20 04 00 00 08 00 00 00  | ........ .......
00000001007E9FB0 | 10 00 00 00 18 00 00 00  20 00 00 00 78 00 00 00  | ........ ...x...
00000001007E9FC0 | 70 00 00 00 30 00 00 00  38 00 00 00 40 00 00 00  | p...0...8...@...
00000001007E9FD0 | 58 00 00 00 48 00 00 00  50 00 00 00 60 00 00 00  | X...H...P...`...
00000001007E9FE0 | 28 00 00 00 68 00 00 00  08 00 00 00 10 00 00 00  | (...h...........
00000001007E9FF0 | 28 00 00 00 50 00 00 00  48 00 00 00 18 00 00 00  | (...P...H.......
00000001007EA000 | 38 00 00 00 30 00 00 00  10 00 00 00 20 00 00 00  | 8...0....... ...
00000001007EA010 | 40 00 00 00 08 00 00 00  58 00 00 00 08 00 00 00  | @.......X.......
00000001007EA020 | 10 00 00 00 A0 01 00 00  58 02 00 00 70 02 00 00  | ........X...p...
00000001007EA030 | D8 00 00 00 30 01 00 00  88 02 00 00 80 02 00 00  | ....0...........
00000001007EA040 | 98 02 00 00 08 01 00 00  B0 02 00 00 B8 02 00 00  | ................
00000001007EA050 | 70 00 00 00 68 00 00 00  10 00 00 00 08 00 00 00  | p...h...........
00000001007EA060 | 18 00 00 00 50 00 00 00  80 00 00 00 78 00 00 00  | ....P.......x...
00000001007EA070 | 98 00 00 00 58 00 00 00  18 01 00 00 10 01 00 00  | ....X...........
00000001007EA080 | 60 00 00 00 A0 00 00 00  A8 00 00 00 B0 00 00 00  | `...............
00000001007EA090 | B8 00 00 00 C0 00 00 00  20 00 00 00 28 00 00 00  | ........ ...(...
00000001007EA0A0 | 88 00 00 00 30 00 00 00  38 00 00 00 40 00 00 00  | ....0...8...@...
00000001007EA0B0 | 48 00 00 00 F8 00 00 00  FC 00 00 00 00 01 00 00  | H...............
00000001007EA0C0 | 04 01 00 00 90 00 00 00  20 01 00 00 28 01 00 00  | ........ ...(...
00000001007EA0D0 | 80 01 00 00 88 01 00 00  50 01 00 00 58 01 00 00  | ........P...X...
00000001007EA0E0 | 38 01 00 00 40 01 00 00  C8 01 00 00 C0 01 00 00  | 8...@...........
00000001007EA0F0 | D0 01 00 00 D8 01 00 00  48 01 00 00 68 02 00 00  | ........H...h...
00000001007EA100 | 08 02 00 00 E0 01 00 00  F8 01 00 00 00 02 00 00  | ................
00000001007EA110 | 18 02 00 00 20 02 00 00  78 02 00 00 C8 02 00 00  | .... ...x.......
00000001007EA120 | E8 01 00 00 C0 02 00 00  F0 01 00 00 A0 02 00 00  | ................
00000001007EA130 | A8 02 00 00 10 03 00 00  48 03 00 00 90 02 00 00  | ........H.......
00000001007EA140 | 90 01 00 00 70 01 00 00  B8 01 00 00 A8 01 00 00  | ....p...........
00000001007EA150 | B0 01 00 00 98 01 00 00  30 02 00 00 40 02 00 00  | ........0...@...
00000001007EA160 | 50 02 00 00 48 02 00 00  38 02 00 00 E8 02 00 00  | P...H...8.......
00000001007EA170 | E0 02 00 00 C8 00 00 00  68 01 00 00 60 01 00 00  | ........h...`...
00000001007EA180 | 78 01 00 00 10 02 00 00  28 02 00 00 60 02 00 00  | x.......(...`...
00000001007EA190 | D0 02 00 00 D8 02 00 00  F0 02 00 00 F8 02 00 00  | ................
00000001007EA1A0 | 00 03 00 00 08 03 00 00  18 03 00 00 20 03 00 00  | ............ ...
00000001007EA1B0 | 28 03 00 00 30 03 00 00  38 03 00 00 40 03 00 00  | (...0...8...@...
00000001007EA1C0 | 50 03 00 00 58 03 00 00  60 03 00 00 68 03 00 00  | P...X...`...h...
00000001007EA1D0 | 50 00 00 00 30 00 00 00  20 00 00 00 28 00 00 00  | P...0... ...(...
00000001007EA1E0 | 08 00 00 00 40 00 00 00  10 00 00 00 48 00 00 00  | ....@.......H...
00000001007EA1F0 | 38 00 00 00 18 00 00 00  10 00 00 00 08 00 00 00  | 8...............
00000001007EA200 | 50 00 00 00 48 00 00 00  40 00 00 00 20 00 00 00  | P...H...@... ...
00000001007EA210 | 28 00 00 00 30 00 00 00  18 00 00 00 38 00 00 00  | (...0.......8...
00000001007EA220 | 08 00 00 00 08 00 00 00  10 00 00 00 18 00 00 00  | ................
00000001007EA230 | 20 00 00 00 28 00 00 00  08 00 00 00 38 00 00 00  |  ...(.......8...
00000001007EA240 | 10 00 00 00 18 00 00 00  20 00 00 00 28 00 00 00  | ........ ...(...
00000001007EA250 | 30 00 00 00 40 00 00 00  48 00 00 00 20 00 00 00  | 0...@...H... ...
00000001007EA260 | 28 00 00 00 08 00 00 00  10 00 00 00 18 00 00 00  | (...............
00000001007EA270 | 20 00 00 00 18 00 00 00  08 00 00 00 10 00 00 00  |  ...............
00000001007EA280 | 30 00 00 00 38 00 00 00  18 00 00 00 20 00 00 00  | 0...8....... ...
00000001007EA290 | 28 00 00 00 08 00 00 00  10 00 00 00 28 00 00 00  | (...........(...
00000001007EA2A0 | 30 00 00 00 48 00 00 00  10 00 00 00 40 00 00 00  | 0...H.......@...
00000001007EA2B0 | 50 00 00 00 18 00 00 00  20 00 00 00 38 00 00 00  | P....... ...8...
00000001007EA2C0 | 08 00 00 00 08 00 00 00  10 00 00 00 18 00 00 00  | ................
00000001007EA2D0 | 08 00 00 00 10 00 00 00  18 00 00 00 20 00 00 00  | ............ ...
00000001007EA2E0 | 28 00 00 00 08 00 00 00  08 00 00 00 10 00 00 00  | (...............
00000001007EA2F0 | 18 00 00 00 20 00 00 00  28 00 00 00 30 00 00 00  | .... ...(...0...
00000001007EA300 | 38 00 00 00 40 00 00 00  48 00 00 00 50 00 00 00  | 8...@...H...P...
00000001007EA310 | 08 00 00 00 08 00 00 00  10 00 00 00 08 00 00 00  | ................
00000001007EA320 | 10 00 00 00 18 00 00 00  30 00 00 00 38 00 00 00  | ........0...8...
00000001007EA330 | 40 00 00 00 28 00 00 00  20 00 00 00 48 00 00 00  | @...(... ...H...
00000001007EA340 | 50 00 00 00 58 00 00 00  60 00 00 00 0A 00 00 00  | P...X...`.......
00000001007EA350 | 60 00 00 00 68 00 00 00  09 00 00 00 58 00 00 00  | `...h.......X...
00000001007EA360 | 18 00 00 00 10 00 00 00  08 00 00 00 20 00 00 00  | ............ ...
00000001007EA370 | 28 00 00 00 30 00 00 00  38 00 00 00 40 00 00 00  | (...0...8...@...
00000001007EA380 | 48 00 00 00 50 00 00 00  70 00 00 00 0C 00 00 00  | H...P...p.......
00000001007EA390 | 0B 00 00 00 10 00 00 00  20 00 00 00 18 00 00 00  | ........ .......
00000001007EA3A0 | 08 00 00 00 08 00 00 00  10 00 00 00 18 00 00 00  | ................
00000001007EA3B0 | 20 00 00 00 28 00 00 00  30 00 00 00 38 00 00 00  |  ...(...0...8...
00000001007EA3C0 | 40 00 00 00 48 00 00 00  50 00 00 00 08 00 00 00  | @...H...P.......
00000001007EA3D0 | 08 00 00 00 08 00 00 00  08 00 00 00 10 00 00 00  | ................
00000001007EA3E0 | 18 00 00 00 08 00 00 00  10 00 00 00 18 00 00 00  | ................
00000001007EA3F0 | 20 00 00 00 28 00 00 00  30 00 00 00 38 00 00 00  |  ...(...0...8...
00000001007EA400 | 40 00 00 00 48 00 00 00  50 00 00 00 58 00 00 00  | @...H...P...X...
00000001007EA410 | 60 00 00 00 68 00 00 00  70 00 00 00 78 00 00 00  | `...h...p...x...
00000001007EA420 | 80 00 00 00 88 00 00 00  90 00 00 00 98 00 00 00  | ................
00000001007EA430 | A8 00 00 00 B8 00 00 00  C8 00 00 00 30 00 00 00  | ............0...
00000001007EA440 | 38 00 00 00 08 00 00 00  1C 00 00 00 18 00 00 00  | 8...............
00000001007EA450 | 20 00 00 00 10 00 00 00  0C 00 00 00 48 00 00 00  |  ...........H...
00000001007EA460 | 14 00 00 00 40 00 00 00  28 00 00 00 08 00 00 00  | ....@...(.......
00000001007EA470 | 10 00 00 00 18 00 00 00  10 00 00 00 80 00 00 00  | ................
00000001007EA480 | 90 00 00 00 88 00 00 00  B8 00 00 00 24 00 00 00  | ............$...
00000001007EA490 | C0 00 00 00 28 00 00 00  08 00 00 00 98 00 00 00  | ....(...........
00000001007EA4A0 | F8 00 00 00 A8 00 00 00  20 00 00 00 58 00 00 00  | ........ ...X...
00000001007EA4B0 | 68 00 00 00 60 00 00 00  70 00 00 00 50 00 00 00  | h...`...p...P...
00000001007EA4C0 | D8 00 00 00 08 01 00 00  30 00 00 00 78 00 00 00  | ........0...x...
00000001007EA4D0 | A0 00 00 00 38 00 00 00  40 00 00 00 48 00 00 00  | ....8...@...H...
00000001007EA4E0 | E8 00 00 00 B0 00 00 00  C8 00 00 00 D0 00 00 00  | ................
00000001007EA4F0 | 21 00 00 00 28 01 00 00  08 00 00 00 10 00 00 00  | !...(...........
00000001007EA500 | 30 00 00 00 38 00 00 00  40 00 00 00 48 00 00 00  | 0...8...@...H...
00000001007EA510 | 50 00 00 00 51 00 00 00  52 00 00 00 58 00 00 00  | P...Q...R...X...
00000001007EA520 | 60 00 00 00 80 00 00 00  88 00 00 00 89 00 00 00  | `...............
00000001007EA530 | 8A 00 00 00 8B 00 00 00  8C 00 00 00 90 00 00 00  | ................
00000001007EA540 | 98 00 00 00 A0 00 00 00  A8 00 00 00 B8 00 00 00  | ................
00000001007EA550 | 08 00 00 00 20 00 00 00  10 00 00 00 18 00 00 00  | .... ...........
00000001007EA560 | 28 00 00 00 30 00 00 00  38 00 00 00 08 00 00 00  | (...0...8.......
00000001007EA570 | 08 00 00 00 88 00 00 00  E4 00 00 00 10 00 00 00  | ................
00000001007EA580 | 18 00 00 00 20 00 00 00  08 00 00 00 58 00 00 00  | .... .......X...
00000001007EA590 | 40 00 00 00 10 00 00 00  08 00 00 00 18 00 00 00  | @...............
00000001007EA5A0 | 20 00 00 00 28 00 00 00  30 00 00 00 38 00 00 00  |  ...(...0...8...
00000001007EA5B0 | 48 00 00 00 50 00 00 00  08 00 00 00 10 00 00 00  | H...P...........
00000001007EA5C0 | 18 00 00 00 08 00 00 00  10 00 00 00 18 00 00 00  | ................
00000001007EA5D0 | 20 00 00 00 10 00 00 00  08 00 00 00 10 00 00 00  |  ...............
00000001007EA5E0 | 08 00 00 00 18 00 00 00  28 00 00 00 20 00 00 00  | ........(... ...
00000001007EA5F0 | 08 00 00 00 10 00 00 00  18 00 00 00 20 00 00 00  | ............ ...
00000001007EA600 | 08 00 00 00 10 00 00 00  18 00 00 00 08 00 00 00  | ................
00000001007EA610 | 10 00 00 00 08 00 00 00  30 00 00 00 28 00 00 00  | ........0...(...
00000001007EA620 | 40 00 00 00 18 00 00 00  20 00 00 00 48 00 00 00  | @....... ...H...
00000001007EA630 | 10 00 00 00 38 00 00 00  40 00 00 00 08 00 00 00  | ....8...@.......
00000001007EA640 | 10 00 00 00 18 00 00 00  20 00 00 00 28 00 00 00  | ........ ...(...
00000001007EA650 | 30 00 00 00 38 00 00 00                           | 0...8...
